path,label
..\data\fruits\fresh_apple\Screen Shot 2018-06-08 at 5.28.38 PM.png,fresh_apple
..\data\fruits\fresh_apple\translation_Screen Shot 2018-06-08 at 5.13.18 PM.png,fresh_apple
..\data\fruits\fresh_apple\translation_Screen Shot 2018-06-08 at 5.09.47 PM.png,fresh_apple
..\data\fruits\fresh_apple\Screen Shot 2018-06-08 at 5.07.52 PM.png,fresh_apple
..\data\fruits\fresh_apple\vertical_flip_Screen Shot 2018-06-08 at 5.22.48 PM.png,fresh_apple
..\data\fruits\fresh_apple\Screen Shot 2018-06-08 at 5.26.36 PM.png,fresh_apple
..\data\fruits\fresh_apple\translation_Screen Shot 2018-06-08 at 5.03.47 PM.png,fresh_apple
..\data\fruits\fresh_apple\vertical_flip_Screen Shot 2018-06-08 at 5.21.31 PM.png,fresh_apple
..\data\fruits\fresh_apple\vertical_flip_Screen Shot 2018-06-08 at 5.25.22 PM.png,fresh_apple
..\data\fruits\fresh_apple\translation_Screen Shot 2018-06-08 at 5.20.42 PM.png,fresh_apple
..\data\fruits\fresh_apple\translation_Screen Shot 2018-06-08 at 5.16.33 PM.png,fresh_apple
..\data\fruits\fresh_apple\vertical_flip_Screen Shot 2018-06-08 at 5.17.42 PM.png,fresh_apple
..\data\fruits\fresh_apple\vertical_flip_Screen Shot 2018-06-08 at 5.19.58 PM.png,fresh_apple
..\data\fruits\fresh_apple\vertical_flip_Screen Shot 2018-06-08 at 5.18.42 PM.png,fresh_apple
..\data\fruits\fresh_apple\translation_Screen Shot 2018-06-08 at 5.21.22 PM.png,fresh_apple
..\data\fruits\fresh_apple\Screen Shot 2018-06-08 at 5.34.01 PM.png,fresh_apple
..\data\fruits\fresh_apple\vertical_flip_Screen Shot 2018-06-08 at 5.00.18 PM.png,fresh_apple
..\data\fruits\fresh_apple\translation_Screen Shot 2018-06-08 at 5.20.08 PM.png,fresh_apple
..\data\fruits\fresh_apple\vertical_flip_Screen Shot 2018-06-08 at 5.06.23 PM.png,fresh_apple
..\data\fruits\fresh_apple\Screen Shot 2018-06-08 at 5.16.06 PM.png,fresh_apple
..\data\fruits\fresh_apple\translation_Screen Shot 2018-06-08 at 5.27.27 PM.png,fresh_apple
..\data\fruits\fresh_apple\translation_Screen Shot 2018-06-08 at 5.28.42 PM.png,fresh_apple
..\data\fruits\fresh_apple\vertical_flip_Screen Shot 2018-06-08 at 5.13.31 PM.png,fresh_apple
..\data\fruits\fresh_apple\vertical_flip_Screen Shot 2018-06-08 at 5.02.24 PM.png,fresh_apple
..\data\fruits\fresh_apple\vertical_flip_Screen Shot 2018-06-08 at 5.25.02 PM.png,fresh_apple
..\data\fruits\fresh_apple\Screen Shot 2018-06-08 at 5.11.59 PM.png,fresh_apple
..\data\fruits\fresh_apple\Screen Shot 2018-06-08 at 5.15.21 PM.png,fresh_apple
..\data\fruits\fresh_apple\vertical_flip_Screen Shot 2018-06-08 at 5.03.47 PM.png,fresh_apple
..\data\fruits\fresh_apple\translation_Screen Shot 2018-06-08 at 5.15.34 PM.png,fresh_apple
..\data\fruits\fresh_apple\Screen Shot 2018-06-08 at 5.06.10 PM.png,fresh_apple
..\data\fruits\fresh_apple\Screen Shot 2018-06-08 at 5.32.50 PM.png,fresh_apple
..\data\fruits\fresh_apple\translation_Screen Shot 2018-06-08 at 5.03.34 PM.png,fresh_apple
..\data\fruits\fresh_apple\Screen Shot 2018-06-08 at 5.14.44 PM.png,fresh_apple
..\data\fruits\fresh_apple\translation_Screen Shot 2018-06-08 at 5.23.26 PM.png,fresh_apple
..\data\fruits\fresh_apple\translation_Screen Shot 2018-06-08 at 5.05.48 PM.png,fresh_apple
..\data\fruits\fresh_apple\Screen Shot 2018-06-08 at 5.29.31 PM.png,fresh_apple
..\data\fruits\fresh_apple\vertical_flip_Screen Shot 2018-06-08 at 5.26.13 PM.png,fresh_apple
..\data\fruits\fresh_apple\vertical_flip_Screen Shot 2018-06-08 at 5.05.34 PM.png,fresh_apple
..\data\fruits\fresh_apple\vertical_flip_Screen Shot 2018-06-08 at 5.00.26 PM.png,fresh_apple
..\data\fruits\fresh_apple\vertical_flip_Screen Shot 2018-06-08 at 5.25.43 PM.png,fresh_apple
..\data\fruits\fresh_apple\Screen Shot 2018-06-08 at 5.25.43 PM.png,fresh_apple
..\data\fruits\fresh_apple\Screen Shot 2018-06-08 at 5.15.01 PM.png,fresh_apple
..\data\fruits\fresh_apple\translation_Screen Shot 2018-06-08 at 5.10.21 PM.png,fresh_apple
..\data\fruits\fresh_apple\vertical_flip_Screen Shot 2018-06-08 at 5.12.14 PM.png,fresh_apple
..\data\fruits\fresh_apple\Screen Shot 2018-06-08 at 5.11.08 PM.png,fresh_apple
..\data\fruits\fresh_apple\Screen Shot 2018-06-08 at 5.04.24 PM.png,fresh_apple
..\data\fruits\fresh_apple\vertical_flip_Screen Shot 2018-06-08 at 5.15.45 PM.png,fresh_apple
..\data\fruits\fresh_apple\vertical_flip_Screen Shot 2018-06-08 at 5.01.22 PM.png,fresh_apple
..\data\fruits\fresh_apple\vertical_flip_Screen Shot 2018-06-08 at 5.14.01 PM.png,fresh_apple
..\data\fruits\fresh_apple\Screen Shot 2018-06-08 at 5.04.31 PM.png,fresh_apple
..\data\fruits\fresh_apple\Screen Shot 2018-06-08 at 5.22.35 PM.png,fresh_apple
..\data\fruits\fresh_apple\translation_Screen Shot 2018-06-08 at 5.02.48 PM.png,fresh_apple
..\data\fruits\fresh_apple\Screen Shot 2018-06-08 at 5.28.24 PM.png,fresh_apple
..\data\fruits\fresh_apple\vertical_flip_Screen Shot 2018-06-08 at 4.59.57 PM.png,fresh_apple
..\data\fruits\fresh_apple\Screen Shot 2018-06-08 at 5.24.26 PM.png,fresh_apple
..\data\fruits\fresh_apple\translation_Screen Shot 2018-06-08 at 5.28.15 PM.png,fresh_apple
..\data\fruits\fresh_apple\vertical_flip_Screen Shot 2018-06-08 at 5.00.43 PM.png,fresh_apple
..\data\fruits\fresh_apple\Screen Shot 2018-06-08 at 5.11.16 PM.png,fresh_apple
..\data\fruits\fresh_apple\translation_Screen Shot 2018-06-08 at 5.26.05 PM.png,fresh_apple
..\data\fruits\fresh_apple\translation_Screen Shot 2018-06-08 at 5.04.05 PM.png,fresh_apple
..\data\fruits\fresh_apple\translation_Screen Shot 2018-06-08 at 5.25.28 PM.png,fresh_apple
..\data\fruits\fresh_apple\translation_Screen Shot 2018-06-08 at 5.19.35 PM.png,fresh_apple
..\data\fruits\fresh_apple\translation_Screen Shot 2018-06-08 at 5.10.37 PM.png,fresh_apple
..\data\fruits\fresh_apple\vertical_flip_Screen Shot 2018-06-08 at 5.02.08 PM.png,fresh_apple
..\data\fruits\fresh_apple\Screen Shot 2018-06-08 at 5.23.26 PM.png,fresh_apple
..\data\fruits\fresh_apple\vertical_flip_Screen Shot 2018-06-08 at 5.27.54 PM.png,fresh_apple
..\data\fruits\fresh_apple\Screen Shot 2018-06-08 at 5.02.54 PM.png,fresh_apple
..\data\fruits\fresh_apple\Screen Shot 2018-06-08 at 5.26.41 PM.png,fresh_apple
..\data\fruits\fresh_apple\vertical_flip_Screen Shot 2018-06-08 at 5.20.42 PM.png,fresh_apple
..\data\fruits\fresh_apple\translation_Screen Shot 2018-06-08 at 5.22.53 PM.png,fresh_apple
..\data\fruits\fresh_apple\translation_Screen Shot 2018-06-08 at 5.14.20 PM.png,fresh_apple
..\data\fruits\fresh_apple\Screen Shot 2018-06-08 at 5.25.37 PM.png,fresh_apple
..\data\fruits\fresh_apple\vertical_flip_Screen Shot 2018-06-08 at 5.26.29 PM.png,fresh_apple
..\data\fruits\fresh_apple\translation_Screen Shot 2018-06-08 at 5.04.59 PM.png,fresh_apple
..\data\fruits\fresh_apple\translation_Screen Shot 2018-06-08 at 5.14.07 PM.png,fresh_apple
..\data\fruits\fresh_apple\translation_Screen Shot 2018-06-08 at 5.21.56 PM.png,fresh_apple
..\data\fruits\fresh_apple\translation_Screen Shot 2018-06-08 at 5.04.31 PM.png,fresh_apple
..\data\fruits\fresh_apple\vertical_flip_Screen Shot 2018-06-08 at 5.02.38 PM.png,fresh_apple
..\data\fruits\fresh_apple\Screen Shot 2018-06-08 at 5.13.40 PM.png,fresh_apple
..\data\fruits\fresh_apple\translation_Screen Shot 2018-06-08 at 5.14.01 PM.png,fresh_apple
..\data\fruits\fresh_apple\Screen Shot 2018-06-08 at 5.28.10 PM.png,fresh_apple
..\data\fruits\fresh_apple\Screen Shot 2018-06-08 at 5.26.24 PM.png,fresh_apple
..\data\fruits\fresh_apple\translation_Screen Shot 2018-06-08 at 5.05.34 PM.png,fresh_apple
..\data\fruits\fresh_apple\vertical_flip_Screen Shot 2018-06-08 at 5.12.41 PM.png,fresh_apple
..\data\fruits\fresh_apple\translation_Screen Shot 2018-06-08 at 5.09.31 PM.png,fresh_apple
..\data\fruits\fresh_apple\Screen Shot 2018-06-08 at 5.33.11 PM.png,fresh_apple
..\data\fruits\fresh_apple\Screen Shot 2018-06-08 at 5.18.37 PM.png,fresh_apple
..\data\fruits\fresh_apple\translation_Screen Shot 2018-06-08 at 5.04.48 PM.png,fresh_apple
..\data\fruits\fresh_apple\vertical_flip_Screen Shot 2018-06-08 at 5.33.55 PM.png,fresh_apple
..\data\fruits\fresh_apple\translation_Screen Shot 2018-06-08 at 5.16.16 PM.png,fresh_apple
..\data\fruits\fresh_apple\Screen Shot 2018-06-08 at 5.05.48 PM.png,fresh_apple
..\data\fruits\fresh_apple\vertical_flip_Screen Shot 2018-06-08 at 5.18.12 PM.png,fresh_apple
..\data\fruits\fresh_apple\translation_Screen Shot 2018-06-08 at 5.15.39 PM.png,fresh_apple
..\data\fruits\fresh_apple\translation_Screen Shot 2018-06-08 at 5.06.47 PM.png,fresh_apple
..\data\fruits\fresh_apple\translation_Screen Shot 2018-06-08 at 5.06.23 PM.png,fresh_apple
..\data\fruits\fresh_apple\Screen Shot 2018-06-08 at 5.23.14 PM.png,fresh_apple
..\data\fruits\fresh_apple\Screen Shot 2018-06-08 at 5.07.05 PM.png,fresh_apple
..\data\fruits\fresh_apple\Screen Shot 2018-06-08 at 5.05.27 PM.png,fresh_apple
..\data\fruits\fresh_apple\vertical_flip_Screen Shot 2018-06-08 at 5.10.03 PM.png,fresh_apple
..\data\fruits\fresh_apple\translation_Screen Shot 2018-06-08 at 5.33.33 PM.png,fresh_apple
..\data\fruits\fresh_apple\translation_Screen Shot 2018-06-08 at 5.17.04 PM.png,fresh_apple
..\data\fruits\fresh_apple\translation_Screen Shot 2018-06-08 at 4.59.57 PM.png,fresh_apple
..\data\fruits\fresh_apple\vertical_flip_Screen Shot 2018-06-08 at 5.08.37 PM.png,fresh_apple
..\data\fruits\fresh_apple\translation_Screen Shot 2018-06-08 at 5.26.58 PM.png,fresh_apple
..\data\fruits\fresh_apple\translation_Screen Shot 2018-06-08 at 5.05.12 PM.png,fresh_apple
..\data\fruits\fresh_apple\Screen Shot 2018-06-08 at 5.26.29 PM.png,fresh_apple
..\data\fruits\fresh_apple\vertical_flip_Screen Shot 2018-06-08 at 5.28.38 PM.png,fresh_apple
..\data\fruits\fresh_apple\Screen Shot 2018-06-08 at 5.00.03 PM.png,fresh_apple
..\data\fruits\fresh_apple\translation_Screen Shot 2018-06-08 at 4.59.44 PM.png,fresh_apple
..\data\fruits\fresh_apple\translation_Screen Shot 2018-06-08 at 5.32.33 PM.png,fresh_apple
..\data\fruits\fresh_apple\Screen Shot 2018-06-08 at 5.14.48 PM.png,fresh_apple
..\data\fruits\fresh_apple\vertical_flip_Screen Shot 2018-06-08 at 5.09.10 PM.png,fresh_apple
..\data\fruits\fresh_apple\Screen Shot 2018-06-08 at 5.34.14 PM.png,fresh_apple
..\data\fruits\fresh_apple\translation_Screen Shot 2018-06-08 at 5.27.34 PM.png,fresh_apple
..\data\fruits\fresh_apple\translation_Screen Shot 2018-06-08 at 5.23.23 PM.png,fresh_apple
..\data\fruits\fresh_apple\vertical_flip_Screen Shot 2018-06-08 at 5.27.27 PM.png,fresh_apple
..\data\fruits\fresh_apple\translation_Screen Shot 2018-06-08 at 5.05.27 PM.png,fresh_apple
..\data\fruits\fresh_apple\vertical_flip_Screen Shot 2018-06-08 at 5.15.09 PM.png,fresh_apple
..\data\fruits\fresh_apple\translation_Screen Shot 2018-06-08 at 5.07.52 PM.png,fresh_apple
..\data\fruits\fresh_apple\translation_Screen Shot 2018-06-08 at 5.08.05 PM.png,fresh_apple
..\data\fruits\fresh_apple\translation_Screen Shot 2018-06-08 at 5.04.11 PM.png,fresh_apple
..\data\fruits\fresh_apple\translation_Screen Shot 2018-06-08 at 5.16.06 PM.png,fresh_apple
..\data\fruits\fresh_apple\vertical_flip_Screen Shot 2018-06-08 at 5.11.16 PM.png,fresh_apple
..\data\fruits\fresh_apple\Screen Shot 2018-06-08 at 5.11.35 PM.png,fresh_apple
..\data\fruits\fresh_apple\vertical_flip_Screen Shot 2018-06-08 at 5.06.19 PM.png,fresh_apple
..\data\fruits\fresh_apple\Screen Shot 2018-06-08 at 5.27.27 PM.png,fresh_apple
..\data\fruits\fresh_apple\translation_Screen Shot 2018-06-08 at 5.25.33 PM.png,fresh_apple
..\data\fruits\fresh_apple\translation_Screen Shot 2018-06-08 at 4.59.36 PM.png,fresh_apple
..\data\fruits\fresh_apple\translation_Screen Shot 2018-06-08 at 5.12.47 PM.png,fresh_apple
..\data\fruits\fresh_apple\Screen Shot 2018-06-08 at 5.20.32 PM.png,fresh_apple
..\data\fruits\fresh_apple\Screen Shot 2018-06-08 at 5.17.34 PM.png,fresh_apple
..\data\fruits\fresh_apple\vertical_flip_Screen Shot 2018-06-08 at 5.10.37 PM.png,fresh_apple
..\data\fruits\fresh_apple\translation_Screen Shot 2018-06-08 at 5.00.50 PM.png,fresh_apple
..\data\fruits\fresh_apple\translation_Screen Shot 2018-06-08 at 5.20.26 PM.png,fresh_apple
..\data\fruits\fresh_apple\Screen Shot 2018-06-08 at 5.01.29 PM.png,fresh_apple
..\data\fruits\fresh_apple\vertical_flip_Screen Shot 2018-06-08 at 5.04.31 PM.png,fresh_apple
..\data\fruits\fresh_apple\Screen Shot 2018-06-08 at 5.29.07 PM.png,fresh_apple
..\data\fruits\fresh_apple\vertical_flip_Screen Shot 2018-06-08 at 5.09.54 PM.png,fresh_apple
..\data\fruits\fresh_apple\vertical_flip_Screen Shot 2018-06-08 at 5.01.41 PM.png,fresh_apple
..\data\fruits\fresh_apple\vertical_flip_Screen Shot 2018-06-08 at 5.00.50 PM.png,fresh_apple
..\data\fruits\fresh_apple\Screen Shot 2018-06-08 at 5.12.41 PM.png,fresh_apple
..\data\fruits\fresh_apple\translation_Screen Shot 2018-06-08 at 5.24.19 PM.png,fresh_apple
..\data\fruits\fresh_apple\translation_Screen Shot 2018-06-08 at 5.17.58 PM.png,fresh_apple
..\data\fruits\fresh_apple\translation_Screen Shot 2018-06-08 at 5.24.04 PM.png,fresh_apple
..\data\fruits\fresh_apple\translation_Screen Shot 2018-06-08 at 5.03.10 PM.png,fresh_apple
..\data\fruits\fresh_apple\Screen Shot 2018-06-08 at 5.19.35 PM.png,fresh_apple
..\data\fruits\fresh_apple\translation_Screen Shot 2018-06-08 at 5.18.42 PM.png,fresh_apple
..\data\fruits\fresh_apple\vertical_flip_Screen Shot 2018-06-08 at 5.07.32 PM.png,fresh_apple
..\data\fruits\fresh_apple\vertical_flip_Screen Shot 2018-06-08 at 5.28.15 PM.png,fresh_apple
..\data\fruits\fresh_apple\Screen Shot 2018-06-08 at 5.28.48 PM.png,fresh_apple
..\data\fruits\fresh_apple\Screen Shot 2018-06-08 at 5.05.18 PM.png,fresh_apple
..\data\fruits\fresh_apple\Screen Shot 2018-06-08 at 5.09.31 PM.png,fresh_apple
..\data\fruits\fresh_apple\vertical_flip_Screen Shot 2018-06-08 at 5.10.29 PM.png,fresh_apple
..\data\fruits\fresh_apple\Screen Shot 2018-06-08 at 5.02.43 PM.png,fresh_apple
..\data\fruits\fresh_apple\translation_Screen Shot 2018-06-08 at 5.21.40 PM.png,fresh_apple
..\data\fruits\fresh_apple\Screen Shot 2018-06-08 at 5.11.02 PM.png,fresh_apple
..\data\fruits\fresh_apple\vertical_flip_Screen Shot 2018-06-08 at 5.18.16 PM.png,fresh_apple
..\data\fruits\fresh_apple\vertical_flip_Screen Shot 2018-06-08 at 5.29.24 PM.png,fresh_apple
..\data\fruits\fresh_apple\vertical_flip_Screen Shot 2018-06-08 at 5.16.44 PM.png,fresh_apple
..\data\fruits\fresh_apple\vertical_flip_Screen Shot 2018-06-08 at 5.28.59 PM.png,fresh_apple
..\data\fruits\fresh_apple\vertical_flip_Screen Shot 2018-06-08 at 5.06.33 PM.png,fresh_apple
..\data\fruits\fresh_apple\vertical_flip_Screen Shot 2018-06-08 at 5.29.31 PM.png,fresh_apple
..\data\fruits\fresh_apple\translation_Screen Shot 2018-06-08 at 5.32.43 PM.png,fresh_apple
..\data\fruits\fresh_apple\translation_Screen Shot 2018-06-08 at 5.06.40 PM.png,fresh_apple
..\data\fruits\fresh_apple\Screen Shot 2018-06-08 at 5.20.51 PM.png,fresh_apple
..\data\fruits\fresh_apple\vertical_flip_Screen Shot 2018-06-08 at 5.19.47 PM.png,fresh_apple
..\data\fruits\fresh_apple\Screen Shot 2018-06-08 at 5.06.19 PM.png,fresh_apple
..\data\fruits\fresh_apple\Screen Shot 2018-06-08 at 5.32.43 PM.png,fresh_apple
..\data\fruits\fresh_apple\vertical_flip_Screen Shot 2018-06-08 at 5.23.51 PM.png,fresh_apple
..\data\fruits\fresh_apple\translation_Screen Shot 2018-06-08 at 5.12.34 PM.png,fresh_apple
..\data\fruits\fresh_apple\translation_Screen Shot 2018-06-08 at 5.00.12 PM.png,fresh_apple
..\data\fruits\fresh_apple\vertical_flip_Screen Shot 2018-06-08 at 5.09.03 PM.png,fresh_apple
..\data\fruits\fresh_apple\vertical_flip_Screen Shot 2018-06-08 at 5.04.05 PM.png,fresh_apple
..\data\fruits\fresh_apple\vertical_flip_Screen Shot 2018-06-08 at 5.22.27 PM.png,fresh_apple
..\data\fruits\fresh_apple\translation_Screen Shot 2018-06-08 at 5.02.54 PM.png,fresh_apple
..\data\fruits\fresh_apple\vertical_flip_Screen Shot 2018-06-08 at 5.01.15 PM.png,fresh_apple
..\data\fruits\fresh_apple\Screen Shot 2018-06-08 at 5.04.05 PM.png,fresh_apple
..\data\fruits\fresh_apple\vertical_flip_Screen Shot 2018-06-08 at 5.21.44 PM.png,fresh_apple
..\data\fruits\fresh_apple\Screen Shot 2018-06-08 at 5.13.54 PM.png,fresh_apple
..\data\fruits\fresh_apple\Screen Shot 2018-06-08 at 5.12.47 PM.png,fresh_apple
..\data\fruits\fresh_apple\translation_Screen Shot 2018-06-08 at 5.04.24 PM.png,fresh_apple
..\data\fruits\fresh_apple\translation_Screen Shot 2018-06-08 at 5.02.31 PM.png,fresh_apple
..\data\fruits\fresh_apple\Screen Shot 2018-06-08 at 5.08.58 PM.png,fresh_apple
..\data\fruits\fresh_apple\translation_Screen Shot 2018-06-08 at 5.18.16 PM.png,fresh_apple
..\data\fruits\fresh_apple\translation_Screen Shot 2018-06-08 at 5.27.49 PM.png,fresh_apple
..\data\fruits\fresh_apple\vertical_flip_Screen Shot 2018-06-08 at 5.34.01 PM.png,fresh_apple
..\data\fruits\fresh_apple\translation_Screen Shot 2018-06-08 at 5.18.12 PM.png,fresh_apple
..\data\fruits\fresh_apple\vertical_flip_Screen Shot 2018-06-08 at 5.00.12 PM.png,fresh_apple
..\data\fruits\fresh_apple\vertical_flip_Screen Shot 2018-06-08 at 5.23.07 PM.png,fresh_apple
..\data\fruits\fresh_apple\translation_Screen Shot 2018-06-08 at 5.26.41 PM.png,fresh_apple
..\data\fruits\fresh_apple\translation_Screen Shot 2018-06-08 at 5.01.41 PM.png,fresh_apple
..\data\fruits\fresh_apple\translation_Screen Shot 2018-06-08 at 5.25.43 PM.png,fresh_apple
..\data\fruits\fresh_apple\translation_Screen Shot 2018-06-08 at 5.03.26 PM.png,fresh_apple
..\data\fruits\fresh_apple\vertical_flip_Screen Shot 2018-06-08 at 5.08.58 PM.png,fresh_apple
..\data\fruits\fresh_apple\Screen Shot 2018-06-08 at 5.14.20 PM.png,fresh_apple
..\data\fruits\fresh_apple\vertical_flip_Screen Shot 2018-06-08 at 5.02.48 PM.png,fresh_apple
..\data\fruits\fresh_apple\Screen Shot 2018-06-08 at 5.02.24 PM.png,fresh_apple
..\data\fruits\fresh_apple\translation_Screen Shot 2018-06-08 at 5.20.17 PM.png,fresh_apple
..\data\fruits\fresh_apple\vertical_flip_Screen Shot 2018-06-08 at 5.23.31 PM.png,fresh_apple
..\data\fruits\fresh_apple\Screen Shot 2018-06-08 at 5.10.03 PM.png,fresh_apple
..\data\fruits\rotten_apple\Screen Shot 2018-06-07 at 2.50.43 PM.png,rotten_apple
..\data\fruits\rotten_apple\translation_Screen Shot 2018-06-07 at 2.57.42 PM.png,rotten_apple
..\data\fruits\rotten_apple\vertical_flip_Screen Shot 2018-06-07 at 3.02.02 PM.png,rotten_apple
..\data\fruits\rotten_apple\Screen Shot 2018-06-07 at 2.38.13 PM.png,rotten_apple
..\data\fruits\rotten_apple\vertical_flip_Screen Shot 2018-06-08 at 2.26.09 PM.png,rotten_apple
..\data\fruits\rotten_apple\Screen Shot 2018-06-07 at 3.04.04 PM.png,rotten_apple
..\data\fruits\rotten_apple\vertical_flip_Screen Shot 2018-06-07 at 2.34.18 PM.png,rotten_apple
..\data\fruits\rotten_apple\Screen Shot 2018-06-08 at 2.36.31 PM.png,rotten_apple
..\data\fruits\rotten_apple\translation_Screen Shot 2018-06-08 at 2.45.44 PM.png,rotten_apple
..\data\fruits\rotten_apple\translation_Screen Shot 2018-06-07 at 2.35.21 PM.png,rotten_apple
..\data\fruits\rotten_apple\translation_Screen Shot 2018-06-08 at 2.41.16 PM.png,rotten_apple
..\data\fruits\rotten_apple\vertical_flip_Screen Shot 2018-06-07 at 3.17.32 PM.png,rotten_apple
..\data\fruits\rotten_apple\translation_Screen Shot 2018-06-07 at 2.58.30 PM.png,rotten_apple
..\data\fruits\rotten_apple\Screen Shot 2018-06-07 at 2.17.15 PM.png,rotten_apple
..\data\fruits\rotten_apple\translation_Screen Shot 2018-06-08 at 2.36.18 PM.png,rotten_apple
..\data\fruits\rotten_apple\vertical_flip_Screen Shot 2018-06-07 at 2.56.34 PM.png,rotten_apple
..\data\fruits\rotten_apple\Screen Shot 2018-06-07 at 2.55.52 PM.png,rotten_apple
..\data\fruits\rotten_apple\Screen Shot 2018-06-07 at 2.41.07 PM.png,rotten_apple
..\data\fruits\rotten_apple\Screen Shot 2018-06-07 at 3.04.35 PM.png,rotten_apple
..\data\fruits\rotten_apple\vertical_flip_Screen Shot 2018-06-07 at 3.05.13 PM.png,rotten_apple
..\data\fruits\rotten_apple\vertical_flip_Screen Shot 2018-06-07 at 2.46.12 PM.png,rotten_apple
..\data\fruits\rotten_apple\translation_Screen Shot 2018-06-08 at 2.42.52 PM.png,rotten_apple
..\data\fruits\rotten_apple\vertical_flip_Screen Shot 2018-06-08 at 2.40.09 PM.png,rotten_apple
..\data\fruits\rotten_apple\translation_Screen Shot 2018-06-08 at 2.31.33 PM.png,rotten_apple
..\data\fruits\rotten_apple\translation_Screen Shot 2018-06-07 at 2.58.17 PM.png,rotten_apple
..\data\fruits\rotten_apple\Screen Shot 2018-06-08 at 2.33.28 PM.png,rotten_apple
..\data\fruits\rotten_apple\vertical_flip_Screen Shot 2018-06-07 at 2.50.43 PM.png,rotten_apple
..\data\fruits\rotten_apple\translation_Screen Shot 2018-06-08 at 2.25.24 PM.png,rotten_apple
..\data\fruits\rotten_apple\Screen Shot 2018-06-07 at 2.47.13 PM.png,rotten_apple
..\data\fruits\rotten_apple\Screen Shot 2018-06-08 at 2.45.44 PM.png,rotten_apple
..\data\fruits\rotten_apple\vertical_flip_Screen Shot 2018-06-07 at 3.06.22 PM.png,rotten_apple
..\data\fruits\rotten_apple\translation_Screen Shot 2018-06-07 at 3.05.13 PM.png,rotten_apple
..\data\fruits\rotten_apple\vertical_flip_Screen Shot 2018-06-08 at 2.26.34 PM.png,rotten_apple
..\data\fruits\rotten_apple\Screen Shot 2018-06-08 at 2.32.10 PM.png,rotten_apple
..\data\fruits\rotten_apple\vertical_flip_Screen Shot 2018-06-08 at 2.30.26 PM.png,rotten_apple
..\data\fruits\rotten_apple\vertical_flip_Screen Shot 2018-06-07 at 2.21.09 PM.png,rotten_apple
..\data\fruits\rotten_apple\translation_Screen Shot 2018-06-07 at 2.24.35 PM.png,rotten_apple
..\data\fruits\rotten_apple\vertical_flip_Screen Shot 2018-06-07 at 2.46.04 PM.png,rotten_apple
..\data\fruits\rotten_apple\translation_Screen Shot 2018-06-08 at 2.45.05 PM.png,rotten_apple
..\data\fruits\rotten_apple\vertical_flip_Screen Shot 2018-06-08 at 2.34.47 PM.png,rotten_apple
..\data\fruits\rotten_apple\Screen Shot 2018-06-07 at 2.37.32 PM.png,rotten_apple
..\data\fruits\rotten_apple\Screen Shot 2018-06-07 at 3.05.29 PM.png,rotten_apple
..\data\fruits\rotten_apple\Screen Shot 2018-06-07 at 2.41.23 PM.png,rotten_apple
..\data\fruits\rotten_apple\vertical_flip_Screen Shot 2018-06-07 at 2.38.38 PM.png,rotten_apple
..\data\fruits\rotten_apple\vertical_flip_Screen Shot 2018-06-08 at 2.39.26 PM.png,rotten_apple
..\data\fruits\rotten_apple\vertical_flip_Screen Shot 2018-06-07 at 3.05.38 PM.png,rotten_apple
..\data\fruits\rotten_apple\Screen Shot 2018-06-07 at 2.58.57 PM.png,rotten_apple
..\data\fruits\rotten_apple\Screen Shot 2018-06-08 at 2.28.00 PM.png,rotten_apple
..\data\fruits\rotten_apple\translation_Screen Shot 2018-06-08 at 2.35.10 PM.png,rotten_apple
..\data\fruits\rotten_apple\translation_Screen Shot 2018-06-07 at 2.20.29 PM.png,rotten_apple
..\data\fruits\rotten_apple\vertical_flip_Screen Shot 2018-06-08 at 2.46.36 PM.png,rotten_apple
..\data\fruits\rotten_apple\Screen Shot 2018-06-08 at 2.37.03 PM.png,rotten_apple
..\data\fruits\rotten_apple\Screen Shot 2018-06-08 at 2.29.10 PM.png,rotten_apple
..\data\fruits\rotten_apple\vertical_flip_Screen Shot 2018-06-08 at 2.50.55 PM.png,rotten_apple
..\data\fruits\rotten_apple\translation_Screen Shot 2018-06-08 at 2.25.17 PM.png,rotten_apple
..\data\fruits\rotten_apple\Screen Shot 2018-06-07 at 2.20.04 PM.png,rotten_apple
..\data\fruits\rotten_apple\Screen Shot 2018-06-07 at 2.47.50 PM.png,rotten_apple
..\data\fruits\rotten_apple\translation_Screen Shot 2018-06-07 at 2.43.26 PM.png,rotten_apple
..\data\fruits\rotten_apple\vertical_flip_Screen Shot 2018-06-08 at 2.47.54 PM.png,rotten_apple
..\data\fruits\rotten_apple\Screen Shot 2018-06-07 at 2.59.09 PM.png,rotten_apple
..\data\fruits\rotten_apple\vertical_flip_Screen Shot 2018-06-07 at 2.20.04 PM.png,rotten_apple
..\data\fruits\rotten_apple\translation_Screen Shot 2018-06-07 at 2.43.54 PM.png,rotten_apple
..\data\fruits\rotten_apple\Screen Shot 2018-06-07 at 3.01.09 PM.png,rotten_apple
..\data\fruits\rotten_apple\vertical_flip_Screen Shot 2018-06-07 at 2.40.13 PM.png,rotten_apple
..\data\fruits\rotten_apple\Screen Shot 2018-06-08 at 2.30.31 PM.png,rotten_apple
..\data\fruits\rotten_apple\vertical_flip_Screen Shot 2018-06-07 at 2.56.09 PM.png,rotten_apple
..\data\fruits\rotten_apple\vertical_flip_Screen Shot 2018-06-07 at 3.06.30 PM.png,rotten_apple
..\data\fruits\rotten_apple\translation_Screen Shot 2018-06-08 at 2.52.43 PM.png,rotten_apple
..\data\fruits\rotten_apple\vertical_flip_Screen Shot 2018-06-08 at 2.42.30 PM.png,rotten_apple
..\data\fruits\rotten_apple\translation_Screen Shot 2018-06-08 at 2.30.26 PM.png,rotten_apple
..\data\fruits\rotten_apple\Screen Shot 2018-06-07 at 2.51.01 PM.png,rotten_apple
..\data\fruits\rotten_apple\translation_Screen Shot 2018-06-07 at 2.41.14 PM.png,rotten_apple
..\data\fruits\rotten_apple\translation_Screen Shot 2018-06-08 at 2.29.55 PM.png,rotten_apple
..\data\fruits\rotten_apple\Screen Shot 2018-06-07 at 2.52.22 PM.png,rotten_apple
..\data\fruits\rotten_apple\translation_Screen Shot 2018-06-07 at 2.42.18 PM.png,rotten_apple
..\data\fruits\rotten_apple\vertical_flip_Screen Shot 2018-06-07 at 3.03.38 PM.png,rotten_apple
..\data\fruits\rotten_apple\translation_Screen Shot 2018-06-07 at 2.59.38 PM.png,rotten_apple
..\data\fruits\rotten_apple\translation_Screen Shot 2018-06-08 at 2.30.31 PM.png,rotten_apple
..\data\fruits\rotten_apple\Screen Shot 2018-06-08 at 2.52.20 PM.png,rotten_apple
..\data\fruits\rotten_apple\Screen Shot 2018-06-08 at 2.38.33 PM.png,rotten_apple
..\data\fruits\rotten_apple\vertical_flip_Screen Shot 2018-06-07 at 2.43.34 PM.png,rotten_apple
..\data\fruits\rotten_apple\translation_Screen Shot 2018-06-07 at 3.03.58 PM.png,rotten_apple
..\data\fruits\rotten_apple\Screen Shot 2018-06-08 at 2.35.37 PM.png,rotten_apple
..\data\fruits\rotten_apple\Screen Shot 2018-06-07 at 2.58.47 PM.png,rotten_apple
..\data\fruits\rotten_apple\translation_Screen Shot 2018-06-07 at 3.00.56 PM.png,rotten_apple
..\data\fruits\rotten_apple\Screen Shot 2018-06-07 at 2.16.54 PM.png,rotten_apple
..\data\fruits\rotten_apple\vertical_flip_Screen Shot 2018-06-08 at 2.37.24 PM.png,rotten_apple
..\data\fruits\rotten_apple\vertical_flip_Screen Shot 2018-06-08 at 2.35.03 PM.png,rotten_apple
..\data\fruits\rotten_apple\vertical_flip_Screen Shot 2018-06-08 at 2.30.45 PM.png,rotten_apple
..\data\fruits\rotten_apple\vertical_flip_Screen Shot 2018-06-07 at 2.59.52 PM.png,rotten_apple
..\data\fruits\rotten_apple\Screen Shot 2018-06-07 at 2.51.37 PM.png,rotten_apple
..\data\fruits\rotten_apple\vertical_flip_Screen Shot 2018-06-07 at 2.53.33 PM.png,rotten_apple
..\data\fruits\rotten_apple\Screen Shot 2018-06-08 at 2.34.51 PM.png,rotten_apple
..\data\fruits\rotten_apple\translation_Screen Shot 2018-06-07 at 2.45.55 PM.png,rotten_apple
..\data\fruits\rotten_apple\Screen Shot 2018-06-07 at 3.05.46 PM.png,rotten_apple
..\data\fruits\rotten_apple\translation_Screen Shot 2018-06-07 at 2.42.25 PM.png,rotten_apple
..\data\fruits\rotten_apple\translation_Screen Shot 2018-06-08 at 2.48.43 PM.png,rotten_apple
..\data\fruits\rotten_apple\translation_Screen Shot 2018-06-07 at 2.46.12 PM.png,rotten_apple
..\data\fruits\rotten_apple\vertical_flip_Screen Shot 2018-06-07 at 2.59.38 PM.png,rotten_apple
..\data\fruits\rotten_apple\vertical_flip_Screen Shot 2018-06-07 at 2.52.30 PM.png,rotten_apple
..\data\fruits\rotten_apple\translation_Screen Shot 2018-06-07 at 2.40.55 PM.png,rotten_apple
..\data\fruits\rotten_apple\Screen Shot 2018-06-07 at 2.45.55 PM.png,rotten_apple
..\data\fruits\rotten_apple\translation_Screen Shot 2018-06-07 at 2.42.58 PM.png,rotten_apple
..\data\fruits\rotten_apple\Screen Shot 2018-06-08 at 2.50.25 PM.png,rotten_apple
..\data\fruits\rotten_apple\vertical_flip_Screen Shot 2018-06-07 at 2.45.09 PM.png,rotten_apple
..\data\fruits\rotten_apple\translation_Screen Shot 2018-06-07 at 2.37.43 PM.png,rotten_apple
..\data\fruits\rotten_apple\vertical_flip_Screen Shot 2018-06-07 at 3.02.37 PM.png,rotten_apple
..\data\fruits\rotten_apple\vertical_flip_Screen Shot 2018-06-08 at 2.48.09 PM.png,rotten_apple
..\data\fruits\rotten_apple\Screen Shot 2018-06-08 at 2.30.03 PM.png,rotten_apple
..\data\fruits\rotten_apple\Screen Shot 2018-06-07 at 2.39.44 PM.png,rotten_apple
..\data\fruits\rotten_apple\translation_Screen Shot 2018-06-07 at 2.50.52 PM.png,rotten_apple
..\data\fruits\rotten_apple\Screen Shot 2018-06-07 at 3.00.40 PM.png,rotten_apple
..\data\fruits\rotten_apple\vertical_flip_Screen Shot 2018-06-07 at 3.00.25 PM.png,rotten_apple
..\data\fruits\rotten_apple\vertical_flip_Screen Shot 2018-06-07 at 3.02.18 PM.png,rotten_apple
..\data\fruits\rotten_apple\Screen Shot 2018-06-08 at 2.33.49 PM.png,rotten_apple
..\data\fruits\rotten_apple\vertical_flip_Screen Shot 2018-06-08 at 2.32.42 PM.png,rotten_apple
..\data\fruits\rotten_apple\translation_Screen Shot 2018-06-08 at 2.34.42 PM.png,rotten_apple
..\data\fruits\rotten_apple\translation_Screen Shot 2018-06-08 at 2.28.12 PM.png,rotten_apple
..\data\fruits\rotten_apple\vertical_flip_Screen Shot 2018-06-08 at 2.47.03 PM.png,rotten_apple
..\data\fruits\rotten_apple\vertical_flip_Screen Shot 2018-06-08 at 2.45.50 PM.png,rotten_apple
..\data\fruits\rotten_apple\vertical_flip_Screen Shot 2018-06-08 at 2.36.23 PM.png,rotten_apple
..\data\fruits\rotten_apple\Screen Shot 2018-06-07 at 2.21.09 PM.png,rotten_apple
..\data\fruits\rotten_apple\translation_Screen Shot 2018-06-07 at 2.40.28 PM.png,rotten_apple
..\data\fruits\rotten_apple\vertical_flip_Screen Shot 2018-06-07 at 2.15.20 PM.png,rotten_apple
..\data\fruits\rotten_apple\translation_Screen Shot 2018-06-07 at 3.04.41 PM.png,rotten_apple
..\data\fruits\rotten_apple\vertical_flip_Screen Shot 2018-06-08 at 2.48.43 PM.png,rotten_apple
..\data\fruits\rotten_apple\translation_Screen Shot 2018-06-07 at 2.59.52 PM.png,rotten_apple
..\data\fruits\rotten_apple\Screen Shot 2018-06-07 at 2.20.29 PM.png,rotten_apple
..\data\fruits\rotten_apple\vertical_flip_Screen Shot 2018-06-08 at 2.52.57 PM.png,rotten_apple
..\data\fruits\rotten_apple\vertical_flip_Screen Shot 2018-06-07 at 2.54.41 PM.png,rotten_apple
..\data\fruits\rotten_apple\translation_Screen Shot 2018-06-08 at 2.27.15 PM.png,rotten_apple
..\data\fruits\rotten_apple\vertical_flip_Screen Shot 2018-06-07 at 2.47.20 PM.png,rotten_apple
..\data\fruits\rotten_apple\vertical_flip_Screen Shot 2018-06-07 at 3.03.12 PM.png,rotten_apple
..\data\fruits\rotten_apple\vertical_flip_Screen Shot 2018-06-07 at 2.16.54 PM.png,rotten_apple
..\data\fruits\rotten_apple\Screen Shot 2018-06-07 at 2.47.01 PM.png,rotten_apple
..\data\fruits\rotten_apple\vertical_flip_Screen Shot 2018-06-07 at 2.37.11 PM.png,rotten_apple
..\data\fruits\rotten_apple\vertical_flip_Screen Shot 2018-06-07 at 2.51.37 PM.png,rotten_apple
..\data\fruits\rotten_apple\Screen Shot 2018-06-07 at 2.47.35 PM.png,rotten_apple
..\data\fruits\rotten_apple\translation_Screen Shot 2018-06-07 at 2.58.57 PM.png,rotten_apple
..\data\fruits\rotten_apple\Screen Shot 2018-06-08 at 2.40.13 PM.png,rotten_apple
..\data\fruits\rotten_apple\Screen Shot 2018-06-07 at 2.19.15 PM.png,rotten_apple
..\data\fruits\rotten_apple\vertical_flip_Screen Shot 2018-06-07 at 2.19.37 PM.png,rotten_apple
..\data\fruits\rotten_apple\Screen Shot 2018-06-08 at 2.34.37 PM.png,rotten_apple
..\data\fruits\rotten_apple\vertical_flip_Screen Shot 2018-06-08 at 2.25.43 PM.png,rotten_apple
..\data\fruits\rotten_apple\Screen Shot 2018-06-07 at 2.46.43 PM.png,rotten_apple
..\data\fruits\rotten_apple\Screen Shot 2018-06-07 at 2.50.31 PM.png,rotten_apple
..\data\fruits\rotten_apple\translation_Screen Shot 2018-06-07 at 2.25.16 PM.png,rotten_apple
..\data\fruits\rotten_apple\translation_Screen Shot 2018-06-07 at 2.33.47 PM.png,rotten_apple
..\data\fruits\rotten_apple\Screen Shot 2018-06-08 at 2.30.45 PM.png,rotten_apple
..\data\fruits\rotten_apple\vertical_flip_Screen Shot 2018-06-07 at 3.00.00 PM.png,rotten_apple
..\data\fruits\rotten_apple\vertical_flip_Screen Shot 2018-06-07 at 2.57.05 PM.png,rotten_apple
..\data\fruits\rotten_apple\Screen Shot 2018-06-08 at 2.36.01 PM.png,rotten_apple
..\data\fruits\rotten_apple\vertical_flip_Screen Shot 2018-06-07 at 2.58.47 PM.png,rotten_apple
..\data\fruits\rotten_apple\Screen Shot 2018-06-08 at 2.34.05 PM.png,rotten_apple
..\data\fruits\rotten_apple\translation_Screen Shot 2018-06-07 at 2.47.50 PM.png,rotten_apple
..\data\fruits\rotten_apple\translation_Screen Shot 2018-06-08 at 2.29.10 PM.png,rotten_apple
..\data\fruits\rotten_apple\vertical_flip_Screen Shot 2018-06-08 at 2.38.47 PM.png,rotten_apple
..\data\fruits\rotten_apple\vertical_flip_Screen Shot 2018-06-08 at 2.40.38 PM.png,rotten_apple
..\data\fruits\rotten_apple\vertical_flip_Screen Shot 2018-06-08 at 2.32.10 PM.png,rotten_apple
..\data\fruits\rotten_apple\vertical_flip_Screen Shot 2018-06-07 at 2.46.52 PM.png,rotten_apple
..\data\fruits\rotten_apple\vertical_flip_Screen Shot 2018-06-07 at 3.06.06 PM.png,rotten_apple
..\data\fruits\rotten_apple\vertical_flip_Screen Shot 2018-06-08 at 2.48.52 PM.png,rotten_apple
..\data\fruits\rotten_apple\vertical_flip_Screen Shot 2018-06-07 at 2.51.01 PM.png,rotten_apple
..\data\fruits\rotten_apple\vertical_flip_Screen Shot 2018-06-08 at 2.34.37 PM.png,rotten_apple
..\data\fruits\rotten_apple\translation_Screen Shot 2018-06-08 at 2.36.55 PM.png,rotten_apple
..\data\fruits\rotten_apple\translation_Screen Shot 2018-06-08 at 2.43.29 PM.png,rotten_apple
..\data\fruits\rotten_apple\vertical_flip_Screen Shot 2018-06-07 at 2.31.43 PM.png,rotten_apple
..\data\fruits\rotten_apple\translation_Screen Shot 2018-06-07 at 3.04.10 PM.png,rotten_apple
..\data\fruits\rotten_apple\vertical_flip_Screen Shot 2018-06-07 at 2.46.32 PM.png,rotten_apple
..\data\fruits\rotten_apple\vertical_flip_Screen Shot 2018-06-08 at 2.30.51 PM.png,rotten_apple
..\data\fruits\rotten_apple\Screen Shot 2018-06-08 at 2.25.17 PM.png,rotten_apple
..\data\fruits\rotten_apple\translation_Screen Shot 2018-06-08 at 2.48.15 PM.png,rotten_apple
..\data\fruits\rotten_apple\translation_Screen Shot 2018-06-08 at 2.26.14 PM.png,rotten_apple
..\data\fruits\rotten_apple\Screen Shot 2018-06-08 at 2.53.14 PM.png,rotten_apple
..\data\fruits\rotten_apple\Screen Shot 2018-06-08 at 2.35.03 PM.png,rotten_apple
..\data\fruits\rotten_apple\translation_Screen Shot 2018-06-07 at 2.36.06 PM.png,rotten_apple
..\data\fruits\rotten_apple\Screen Shot 2018-06-07 at 2.22.00 PM.png,rotten_apple
..\data\fruits\rotten_apple\translation_Screen Shot 2018-06-07 at 2.43.07 PM.png,rotten_apple
..\data\fruits\rotten_apple\vertical_flip_Screen Shot 2018-06-07 at 2.42.58 PM.png,rotten_apple
..\data\fruits\rotten_apple\translation_Screen Shot 2018-06-07 at 2.18.25 PM.png,rotten_apple
..\data\fruits\rotten_apple\Screen Shot 2018-06-07 at 2.58.30 PM.png,rotten_apple
..\data\fruits\rotten_apple\vertical_flip_Screen Shot 2018-06-07 at 2.58.38 PM.png,rotten_apple
..\data\fruits\rotten_apple\translation_Screen Shot 2018-06-07 at 2.46.32 PM.png,rotten_apple
..\data\fruits\rotten_apple\vertical_flip_Screen Shot 2018-06-07 at 2.58.30 PM.png,rotten_apple
..\data\fruits\rotten_apple\Screen Shot 2018-06-08 at 2.42.38 PM.png,rotten_apple
..\data\fruits\rotten_apple\translation_Screen Shot 2018-06-08 at 2.47.54 PM.png,rotten_apple
..\data\fruits\rotten_apple\Screen Shot 2018-06-07 at 2.37.53 PM.png,rotten_apple
..\data\fruits\rotten_apple\Screen Shot 2018-06-08 at 2.45.50 PM.png,rotten_apple
..\data\fruits\rotten_apple\vertical_flip_Screen Shot 2018-06-07 at 2.34.36 PM.png,rotten_apple
..\data\fruits\rotten_apple\Screen Shot 2018-06-07 at 2.35.38 PM.png,rotten_apple
..\data\fruits\rotten_apple\Screen Shot 2018-06-07 at 2.38.04 PM.png,rotten_apple
..\data\fruits\rotten_apple\translation_Screen Shot 2018-06-07 at 2.15.50 PM.png,rotten_apple
..\data\fruits\rotten_apple\Screen Shot 2018-06-07 at 2.53.57 PM.png,rotten_apple
..\data\fruits\rotten_apple\vertical_flip_Screen Shot 2018-06-08 at 2.24.31 PM.png,rotten_apple
..\data\fruits\rotten_apple\translation_Screen Shot 2018-06-07 at 3.05.05 PM.png,rotten_apple
..\data\fruits\rotten_apple\Screen Shot 2018-06-07 at 3.02.24 PM.png,rotten_apple
..\data\fruits\rotten_apple\vertical_flip_Screen Shot 2018-06-07 at 2.53.20 PM.png,rotten_apple
..\data\fruits\rotten_apple\Screen Shot 2018-06-08 at 2.47.03 PM.png,rotten_apple
..\data\fruits\rotten_apple\Screen Shot 2018-06-07 at 2.57.17 PM.png,rotten_apple
..\data\fruits\rotten_apple\Screen Shot 2018-06-07 at 2.57.05 PM.png,rotten_apple
..\data\fruits\fresh_banana\translation_Screen Shot 2018-06-12 at 9.47.55 PM.png,fresh_banana
..\data\fruits\fresh_banana\translation_Screen Shot 2018-06-12 at 9.42.35 PM.png,fresh_banana
..\data\fruits\fresh_banana\Screen Shot 2018-06-12 at 9.48.04 PM.png,fresh_banana
..\data\fruits\fresh_banana\translation_Screen Shot 2018-06-12 at 9.56.23 PM.png,fresh_banana
..\data\fruits\fresh_banana\translation_Screen Shot 2018-06-12 at 9.53.03 PM.png,fresh_banana
..\data\fruits\fresh_banana\translation_Screen Shot 2018-06-12 at 9.53.51 PM.png,fresh_banana
..\data\fruits\fresh_banana\translation_Screen Shot 2018-06-12 at 10.05.20 PM.png,fresh_banana
..\data\fruits\fresh_banana\Screen Shot 2018-06-12 at 9.40.56 PM.png,fresh_banana
..\data\fruits\fresh_banana\Screen Shot 2018-06-12 at 9.57.46 PM.png,fresh_banana
..\data\fruits\fresh_banana\vertical_flip_Screen Shot 2018-06-12 at 9.54.43 PM.png,fresh_banana
..\data\fruits\fresh_banana\vertical_flip_Screen Shot 2018-06-12 at 10.00.00 PM.png,fresh_banana
..\data\fruits\fresh_banana\translation_Screen Shot 2018-06-12 at 9.38.38 PM.png,fresh_banana
..\data\fruits\fresh_banana\Screen Shot 2018-06-12 at 9.47.22 PM.png,fresh_banana
..\data\fruits\fresh_banana\translation_Screen Shot 2018-06-12 at 10.02.01 PM.png,fresh_banana
..\data\fruits\fresh_banana\vertical_flip_Screen Shot 2018-06-12 at 10.07.13 PM.png,fresh_banana
..\data\fruits\fresh_banana\vertical_flip_Screen Shot 2018-06-12 at 9.56.28 PM.png,fresh_banana
..\data\fruits\fresh_banana\vertical_flip_Screen Shot 2018-06-12 at 10.01.52 PM.png,fresh_banana
..\data\fruits\fresh_banana\translation_Screen Shot 2018-06-12 at 9.54.50 PM.png,fresh_banana
..\data\fruits\fresh_banana\vertical_flip_Screen Shot 2018-06-12 at 9.47.55 PM.png,fresh_banana
..\data\fruits\fresh_banana\Screen Shot 2018-06-12 at 9.42.03 PM.png,fresh_banana
..\data\fruits\fresh_banana\vertical_flip_Screen Shot 2018-06-12 at 9.39.47 PM.png,fresh_banana
..\data\fruits\fresh_banana\vertical_flip_Screen Shot 2018-06-12 at 9.51.29 PM.png,fresh_banana
..\data\fruits\fresh_banana\translation_Screen Shot 2018-06-12 at 9.50.31 PM.png,fresh_banana
..\data\fruits\fresh_banana\translation_Screen Shot 2018-06-12 at 9.48.39 PM.png,fresh_banana
..\data\fruits\fresh_banana\translation_Screen Shot 2018-06-12 at 9.43.59 PM.png,fresh_banana
..\data\fruits\fresh_banana\vertical_flip_Screen Shot 2018-06-12 at 9.41.18 PM.png,fresh_banana
..\data\fruits\fresh_banana\translation_Screen Shot 2018-06-12 at 9.54.56 PM.png,fresh_banana
..\data\fruits\fresh_banana\Screen Shot 2018-06-12 at 9.47.00 PM.png,fresh_banana
..\data\fruits\fresh_banana\Screen Shot 2018-06-12 at 9.50.31 PM.png,fresh_banana
..\data\fruits\fresh_banana\translation_Screen Shot 2018-06-12 at 9.59.41 PM.png,fresh_banana
..\data\fruits\fresh_banana\vertical_flip_Screen Shot 2018-06-12 at 9.56.48 PM.png,fresh_banana
..\data\fruits\fresh_banana\Screen Shot 2018-06-12 at 9.50.16 PM.png,fresh_banana
..\data\fruits\fresh_banana\vertical_flip_Screen Shot 2018-06-12 at 9.59.28 PM.png,fresh_banana
..\data\fruits\fresh_banana\translation_Screen Shot 2018-06-12 at 9.41.38 PM.png,fresh_banana
..\data\fruits\fresh_banana\Screen Shot 2018-06-12 at 9.53.36 PM.png,fresh_banana
..\data\fruits\fresh_banana\translation_Screen Shot 2018-06-12 at 9.57.31 PM.png,fresh_banana
..\data\fruits\fresh_banana\Screen Shot 2018-06-12 at 9.39.53 PM.png,fresh_banana
..\data\fruits\fresh_banana\translation_Screen Shot 2018-06-12 at 9.47.59 PM.png,fresh_banana
..\data\fruits\fresh_banana\Screen Shot 2018-06-12 at 9.54.18 PM.png,fresh_banana
..\data\fruits\fresh_banana\translation_Screen Shot 2018-06-12 at 10.08.01 PM.png,fresh_banana
..\data\fruits\fresh_banana\vertical_flip_Screen Shot 2018-06-12 at 9.54.02 PM.png,fresh_banana
..\data\fruits\fresh_banana\translation_Screen Shot 2018-06-12 at 9.57.58 PM.png,fresh_banana
..\data\fruits\fresh_banana\vertical_flip_Screen Shot 2018-06-12 at 9.45.40 PM.png,fresh_banana
..\data\fruits\fresh_banana\Screen Shot 2018-06-12 at 10.04.54 PM.png,fresh_banana
..\data\fruits\fresh_banana\vertical_flip_Screen Shot 2018-06-12 at 9.49.32 PM.png,fresh_banana
..\data\fruits\fresh_banana\vertical_flip_Screen Shot 2018-06-12 at 9.55.46 PM.png,fresh_banana
..\data\fruits\fresh_banana\translation_Screen Shot 2018-06-12 at 9.42.18 PM.png,fresh_banana
..\data\fruits\fresh_banana\translation_Screen Shot 2018-06-12 at 10.06.33 PM.png,fresh_banana
..\data\fruits\fresh_banana\Screen Shot 2018-06-12 at 9.47.39 PM.png,fresh_banana
..\data\fruits\fresh_banana\Screen Shot 2018-06-12 at 10.04.59 PM.png,fresh_banana
..\data\fruits\fresh_banana\Screen Shot 2018-06-12 at 9.59.28 PM.png,fresh_banana
..\data\fruits\fresh_banana\translation_Screen Shot 2018-06-12 at 9.50.44 PM.png,fresh_banana
..\data\fruits\fresh_banana\translation_Screen Shot 2018-06-12 at 9.44.06 PM.png,fresh_banana
..\data\fruits\fresh_banana\vertical_flip_Screen Shot 2018-06-12 at 9.53.22 PM.png,fresh_banana
..\data\fruits\fresh_banana\Screen Shot 2018-06-12 at 10.00.12 PM.png,fresh_banana
..\data\fruits\fresh_banana\translation_Screen Shot 2018-06-12 at 10.07.21 PM.png,fresh_banana
..\data\fruits\fresh_banana\translation_Screen Shot 2018-06-12 at 9.53.07 PM.png,fresh_banana
..\data\fruits\fresh_banana\vertical_flip_Screen Shot 2018-06-12 at 9.51.24 PM.png,fresh_banana
..\data\fruits\fresh_banana\Screen Shot 2018-06-12 at 10.01.52 PM.png,fresh_banana
..\data\fruits\fresh_banana\Screen Shot 2018-06-12 at 9.58.56 PM.png,fresh_banana
..\data\fruits\fresh_banana\vertical_flip_Screen Shot 2018-06-12 at 9.46.12 PM.png,fresh_banana
..\data\fruits\fresh_banana\vertical_flip_Screen Shot 2018-06-12 at 10.00.30 PM.png,fresh_banana
..\data\fruits\fresh_banana\Screen Shot 2018-06-12 at 9.42.44 PM.png,fresh_banana
..\data\fruits\fresh_banana\Screen Shot 2018-06-12 at 9.44.40 PM.png,fresh_banana
..\data\fruits\fresh_banana\Screen Shot 2018-06-12 at 10.05.20 PM.png,fresh_banana
..\data\fruits\fresh_banana\vertical_flip_Screen Shot 2018-06-12 at 9.40.56 PM.png,fresh_banana
..\data\fruits\fresh_banana\translation_Screen Shot 2018-06-12 at 9.59.02 PM.png,fresh_banana
..\data\fruits\fresh_banana\Screen Shot 2018-06-12 at 10.07.52 PM.png,fresh_banana
..\data\fruits\fresh_banana\vertical_flip_Screen Shot 2018-06-12 at 10.02.09 PM.png,fresh_banana
..\data\fruits\fresh_banana\translation_Screen Shot 2018-06-12 at 9.40.49 PM.png,fresh_banana
..\data\fruits\fresh_banana\Screen Shot 2018-06-12 at 9.57.08 PM.png,fresh_banana
..\data\fruits\fresh_banana\translation_Screen Shot 2018-06-12 at 10.04.54 PM.png,fresh_banana
..\data\fruits\fresh_banana\translation_Screen Shot 2018-06-12 at 9.56.56 PM.png,fresh_banana
..\data\fruits\fresh_banana\vertical_flip_Screen Shot 2018-06-12 at 9.40.22 PM.png,fresh_banana
..\data\fruits\fresh_banana\vertical_flip_Screen Shot 2018-06-12 at 10.06.38 PM.png,fresh_banana
..\data\fruits\fresh_banana\Screen Shot 2018-06-12 at 9.44.06 PM.png,fresh_banana
..\data\fruits\fresh_banana\translation_Screen Shot 2018-06-12 at 9.47.39 PM.png,fresh_banana
..\data\fruits\fresh_banana\translation_Screen Shot 2018-06-12 at 9.44.40 PM.png,fresh_banana
..\data\fruits\fresh_banana\translation_Screen Shot 2018-06-12 at 9.55.02 PM.png,fresh_banana
..\data\fruits\fresh_banana\translation_Screen Shot 2018-06-12 at 9.46.30 PM.png,fresh_banana
..\data\fruits\fresh_banana\vertical_flip_Screen Shot 2018-06-12 at 9.46.48 PM.png,fresh_banana
..\data\fruits\fresh_banana\translation_Screen Shot 2018-06-12 at 9.50.48 PM.png,fresh_banana
..\data\fruits\fresh_banana\Screen Shot 2018-06-12 at 10.00.49 PM.png,fresh_banana
..\data\fruits\fresh_banana\translation_Screen Shot 2018-06-12 at 9.47.51 PM.png,fresh_banana
..\data\fruits\fresh_banana\translation_Screen Shot 2018-06-12 at 9.49.32 PM.png,fresh_banana
..\data\fruits\fresh_banana\Screen Shot 2018-06-12 at 9.39.13 PM.png,fresh_banana
..\data\fruits\fresh_banana\Screen Shot 2018-06-12 at 9.50.44 PM.png,fresh_banana
..\data\fruits\fresh_banana\Screen Shot 2018-06-12 at 9.47.32 PM.png,fresh_banana
..\data\fruits\fresh_banana\Screen Shot 2018-06-12 at 9.49.37 PM.png,fresh_banana
..\data\fruits\fresh_banana\translation_Screen Shot 2018-06-12 at 10.04.59 PM.png,fresh_banana
..\data\fruits\fresh_banana\Screen Shot 2018-06-12 at 9.38.10 PM.png,fresh_banana
..\data\fruits\fresh_banana\Screen Shot 2018-06-12 at 9.45.34 PM.png,fresh_banana
..\data\fruits\fresh_banana\translation_Screen Shot 2018-06-12 at 9.50.53 PM.png,fresh_banana
..\data\fruits\fresh_banana\vertical_flip_Screen Shot 2018-06-12 at 9.51.44 PM.png,fresh_banana
..\data\fruits\fresh_banana\translation_Screen Shot 2018-06-12 at 9.45.28 PM.png,fresh_banana
..\data\fruits\fresh_banana\Screen Shot 2018-06-12 at 10.05.35 PM.png,fresh_banana
..\data\fruits\fresh_banana\vertical_flip_Screen Shot 2018-06-12 at 9.57.46 PM.png,fresh_banana
..\data\fruits\fresh_banana\vertical_flip_Screen Shot 2018-06-12 at 9.51.58 PM.png,fresh_banana
..\data\fruits\fresh_banana\vertical_flip_Screen Shot 2018-06-12 at 9.39.53 PM.png,fresh_banana
..\data\fruits\fresh_banana\translation_Screen Shot 2018-06-12 at 10.02.19 PM.png,fresh_banana
..\data\fruits\fresh_banana\translation_Screen Shot 2018-06-12 at 9.51.36 PM.png,fresh_banana
..\data\fruits\fresh_banana\Screen Shot 2018-06-12 at 9.42.41 PM.png,fresh_banana
..\data\fruits\fresh_banana\translation_Screen Shot 2018-06-12 at 10.06.24 PM.png,fresh_banana
..\data\fruits\fresh_banana\translation_Screen Shot 2018-06-12 at 10.00.21 PM.png,fresh_banana
..\data\fruits\fresh_banana\vertical_flip_Screen Shot 2018-06-12 at 10.01.58 PM.png,fresh_banana
..\data\fruits\fresh_banana\translation_Screen Shot 2018-06-12 at 9.47.27 PM.png,fresh_banana
..\data\fruits\fresh_banana\vertical_flip_Screen Shot 2018-06-12 at 9.56.03 PM.png,fresh_banana
..\data\fruits\fresh_banana\vertical_flip_Screen Shot 2018-06-12 at 9.39.13 PM.png,fresh_banana
..\data\fruits\fresh_banana\Screen Shot 2018-06-12 at 9.48.54 PM.png,fresh_banana
..\data\fruits\fresh_banana\Screen Shot 2018-06-12 at 10.04.49 PM.png,fresh_banana
..\data\fruits\fresh_banana\translation_Screen Shot 2018-06-12 at 9.52.21 PM.png,fresh_banana
..\data\fruits\fresh_banana\translation_Screen Shot 2018-06-12 at 10.00.30 PM.png,fresh_banana
..\data\fruits\fresh_banana\translation_Screen Shot 2018-06-12 at 10.07.52 PM.png,fresh_banana
..\data\fruits\fresh_banana\Screen Shot 2018-06-12 at 10.01.37 PM.png,fresh_banana
..\data\fruits\fresh_banana\translation_Screen Shot 2018-06-12 at 9.42.44 PM.png,fresh_banana
..\data\fruits\fresh_banana\translation_Screen Shot 2018-06-12 at 9.51.58 PM.png,fresh_banana
..\data\fruits\fresh_banana\vertical_flip_Screen Shot 2018-06-12 at 9.47.39 PM.png,fresh_banana
..\data\fruits\fresh_banana\translation_Screen Shot 2018-06-12 at 9.39.22 PM.png,fresh_banana
..\data\fruits\fresh_banana\Screen Shot 2018-06-12 at 10.05.54 PM.png,fresh_banana
..\data\fruits\fresh_banana\vertical_flip_Screen Shot 2018-06-12 at 9.58.07 PM.png,fresh_banana
..\data\fruits\fresh_banana\translation_Screen Shot 2018-06-12 at 10.05.29 PM.png,fresh_banana
..\data\fruits\fresh_banana\vertical_flip_Screen Shot 2018-06-12 at 9.46.43 PM.png,fresh_banana
..\data\fruits\fresh_banana\vertical_flip_Screen Shot 2018-06-12 at 9.57.02 PM.png,fresh_banana
..\data\fruits\fresh_banana\translation_Screen Shot 2018-06-12 at 9.52.06 PM.png,fresh_banana
..\data\fruits\fresh_banana\translation_Screen Shot 2018-06-12 at 9.55.27 PM.png,fresh_banana
..\data\fruits\fresh_banana\vertical_flip_Screen Shot 2018-06-12 at 10.07.52 PM.png,fresh_banana
..\data\fruits\fresh_banana\translation_Screen Shot 2018-06-12 at 9.42.29 PM.png,fresh_banana
..\data\fruits\fresh_banana\vertical_flip_Screen Shot 2018-06-12 at 9.45.34 PM.png,fresh_banana
..\data\fruits\fresh_banana\Screen Shot 2018-06-12 at 9.57.38 PM.png,fresh_banana
..\data\fruits\fresh_banana\vertical_flip_Screen Shot 2018-06-12 at 9.46.24 PM.png,fresh_banana
..\data\fruits\fresh_banana\vertical_flip_Screen Shot 2018-06-12 at 10.04.49 PM.png,fresh_banana
..\data\fruits\fresh_banana\vertical_flip_Screen Shot 2018-06-12 at 9.40.38 PM.png,fresh_banana
..\data\fruits\fresh_banana\vertical_flip_Screen Shot 2018-06-12 at 9.42.44 PM.png,fresh_banana
..\data\fruits\fresh_banana\translation_Screen Shot 2018-06-12 at 9.52.26 PM.png,fresh_banana
..\data\fruits\fresh_banana\vertical_flip_Screen Shot 2018-06-12 at 10.01.37 PM.png,fresh_banana
..\data\fruits\fresh_banana\Screen Shot 2018-06-12 at 9.38.38 PM.png,fresh_banana
..\data\fruits\fresh_banana\translation_Screen Shot 2018-06-12 at 9.40.43 PM.png,fresh_banana
..\data\fruits\fresh_banana\translation_Screen Shot 2018-06-12 at 10.07.13 PM.png,fresh_banana
..\data\fruits\fresh_banana\translation_Screen Shot 2018-06-12 at 9.46.07 PM.png,fresh_banana
..\data\fruits\fresh_banana\Screen Shot 2018-06-12 at 10.05.41 PM.png,fresh_banana
..\data\fruits\fresh_banana\translation_Screen Shot 2018-06-12 at 10.01.46 PM.png,fresh_banana
..\data\fruits\fresh_banana\vertical_flip_Screen Shot 2018-06-12 at 10.08.01 PM.png,fresh_banana
..\data\fruits\fresh_banana\vertical_flip_Screen Shot 2018-06-12 at 9.52.37 PM.png,fresh_banana
..\data\fruits\fresh_banana\vertical_flip_Screen Shot 2018-06-12 at 10.05.35 PM.png,fresh_banana
..\data\fruits\fresh_banana\Screen Shot 2018-06-12 at 9.43.59 PM.png,fresh_banana
..\data\fruits\fresh_banana\Screen Shot 2018-06-12 at 9.45.46 PM.png,fresh_banana
..\data\fruits\fresh_banana\translation_Screen Shot 2018-06-12 at 9.56.16 PM.png,fresh_banana
..\data\fruits\fresh_banana\Screen Shot 2018-06-12 at 9.40.32 PM.png,fresh_banana
..\data\fruits\fresh_banana\translation_Screen Shot 2018-06-12 at 9.54.43 PM.png,fresh_banana
..\data\fruits\fresh_banana\Screen Shot 2018-06-12 at 10.06.59 PM.png,fresh_banana
..\data\fruits\fresh_banana\Screen Shot 2018-06-12 at 10.00.54 PM.png,fresh_banana
..\data\fruits\fresh_banana\translation_Screen Shot 2018-06-12 at 9.57.38 PM.png,fresh_banana
..\data\fruits\fresh_banana\translation_Screen Shot 2018-06-12 at 9.45.02 PM.png,fresh_banana
..\data\fruits\fresh_banana\translation_Screen Shot 2018-06-12 at 9.40.02 PM.png,fresh_banana
..\data\fruits\fresh_banana\vertical_flip_Screen Shot 2018-06-12 at 9.41.38 PM.png,fresh_banana
..\data\fruits\fresh_banana\Screen Shot 2018-06-12 at 9.40.02 PM.png,fresh_banana
..\data\fruits\fresh_banana\Screen Shot 2018-06-12 at 9.51.29 PM.png,fresh_banana
..\data\fruits\fresh_banana\vertical_flip_Screen Shot 2018-06-12 at 9.48.21 PM.png,fresh_banana
..\data\fruits\fresh_banana\vertical_flip_Screen Shot 2018-06-12 at 9.51.00 PM.png,fresh_banana
..\data\fruits\fresh_banana\translation_Screen Shot 2018-06-12 at 9.50.04 PM.png,fresh_banana
..\data\fruits\fresh_banana\Screen Shot 2018-06-12 at 10.00.37 PM.png,fresh_banana
..\data\fruits\fresh_banana\Screen Shot 2018-06-12 at 9.41.57 PM.png,fresh_banana
..\data\fruits\fresh_banana\Screen Shot 2018-06-12 at 9.49.00 PM.png,fresh_banana
..\data\fruits\fresh_banana\Screen Shot 2018-06-12 at 9.55.13 PM.png,fresh_banana
..\data\fruits\fresh_banana\translation_Screen Shot 2018-06-12 at 9.43.27 PM.png,fresh_banana
..\data\fruits\fresh_banana\vertical_flip_Screen Shot 2018-06-12 at 9.49.45 PM.png,fresh_banana
..\data\fruits\fresh_banana\translation_Screen Shot 2018-06-12 at 9.46.19 PM.png,fresh_banana
..\data\fruits\fresh_banana\translation_Screen Shot 2018-06-12 at 9.47.22 PM.png,fresh_banana
..\data\fruits\fresh_banana\Screen Shot 2018-06-12 at 9.50.48 PM.png,fresh_banana
..\data\fruits\fresh_banana\Screen Shot 2018-06-12 at 9.52.26 PM.png,fresh_banana
..\data\fruits\fresh_banana\vertical_flip_Screen Shot 2018-06-12 at 9.40.26 PM.png,fresh_banana
..\data\fruits\fresh_banana\translation_Screen Shot 2018-06-12 at 9.56.39 PM.png,fresh_banana
..\data\fruits\fresh_banana\translation_Screen Shot 2018-06-12 at 10.02.09 PM.png,fresh_banana
..\data\fruits\fresh_banana\vertical_flip_Screen Shot 2018-06-12 at 9.52.45 PM.png,fresh_banana
..\data\fruits\fresh_banana\Screen Shot 2018-06-12 at 9.41.03 PM.png,fresh_banana
..\data\fruits\fresh_banana\Screen Shot 2018-06-12 at 9.39.22 PM.png,fresh_banana
..\data\fruits\fresh_banana\Screen Shot 2018-06-12 at 10.02.36 PM.png,fresh_banana
..\data\fruits\fresh_banana\Screen Shot 2018-06-12 at 9.38.51 PM.png,fresh_banana
..\data\fruits\fresh_banana\translation_Screen Shot 2018-06-12 at 9.44.49 PM.png,fresh_banana
..\data\fruits\fresh_banana\translation_Screen Shot 2018-06-12 at 9.50.12 PM.png,fresh_banana
..\data\fruits\fresh_banana\Screen Shot 2018-06-12 at 9.45.40 PM.png,fresh_banana
..\data\fruits\fresh_banana\vertical_flip_Screen Shot 2018-06-12 at 10.00.21 PM.png,fresh_banana
..\data\fruits\fresh_banana\Screen Shot 2018-06-12 at 9.55.42 PM.png,fresh_banana
..\data\fruits\fresh_banana\vertical_flip_Screen Shot 2018-06-12 at 9.45.28 PM.png,fresh_banana
..\data\fruits\fresh_banana\Screen Shot 2018-06-12 at 9.47.55 PM.png,fresh_banana
..\data\fruits\fresh_banana\Screen Shot 2018-06-12 at 10.02.19 PM.png,fresh_banana
..\data\fruits\fresh_banana\Screen Shot 2018-06-12 at 9.42.18 PM.png,fresh_banana
..\data\fruits\fresh_banana\translation_Screen Shot 2018-06-12 at 9.57.02 PM.png,fresh_banana
..\data\fruits\fresh_banana\translation_Screen Shot 2018-06-12 at 9.40.10 PM.png,fresh_banana
..\data\fruits\fresh_banana\Screen Shot 2018-06-12 at 9.43.27 PM.png,fresh_banana
..\data\fruits\fresh_banana\translation_Screen Shot 2018-06-12 at 9.56.48 PM.png,fresh_banana
..\data\fruits\fresh_banana\vertical_flip_Screen Shot 2018-06-12 at 9.55.13 PM.png,fresh_banana
..\data\fruits\fresh_banana\Screen Shot 2018-06-12 at 9.50.12 PM.png,fresh_banana
..\data\fruits\fresh_banana\Screen Shot 2018-06-12 at 9.40.26 PM.png,fresh_banana
..\data\fruits\fresh_banana\Screen Shot 2018-06-12 at 9.55.53 PM.png,fresh_banana
..\data\fruits\fresh_banana\vertical_flip_Screen Shot 2018-06-12 at 9.48.04 PM.png,fresh_banana
..\data\fruits\fresh_banana\translation_Screen Shot 2018-06-12 at 9.40.32 PM.png,fresh_banana
..\data\fruits\fresh_banana\vertical_flip_Screen Shot 2018-06-12 at 9.54.50 PM.png,fresh_banana
..\data\fruits\fresh_banana\vertical_flip_Screen Shot 2018-06-12 at 9.47.27 PM.png,fresh_banana
..\data\fruits\fresh_banana\vertical_flip_Screen Shot 2018-06-12 at 9.59.02 PM.png,fresh_banana
..\data\fruits\rotten_banana\vertical_flip_Screen Shot 2018-06-12 at 9.03.21 PM.png,rotten_banana
..\data\fruits\rotten_banana\vertical_flip_Screen Shot 2018-06-12 at 9.07.46 PM.png,rotten_banana
..\data\fruits\rotten_banana\translation_Screen Shot 2018-06-12 at 9.09.43 PM.png,rotten_banana
..\data\fruits\rotten_banana\translation_Screen Shot 2018-06-12 at 8.49.30 PM.png,rotten_banana
..\data\fruits\rotten_banana\translation_Screen Shot 2018-06-12 at 9.02.03 PM.png,rotten_banana
..\data\fruits\rotten_banana\vertical_flip_Screen Shot 2018-06-12 at 9.05.08 PM.png,rotten_banana
..\data\fruits\rotten_banana\translation_Screen Shot 2018-06-12 at 9.01.56 PM.png,rotten_banana
..\data\fruits\rotten_banana\vertical_flip_Screen Shot 2018-06-12 at 9.14.22 PM.png,rotten_banana
..\data\fruits\rotten_banana\vertical_flip_Screen Shot 2018-06-12 at 9.04.15 PM.png,rotten_banana
..\data\fruits\rotten_banana\translation_Screen Shot 2018-06-12 at 9.25.54 PM.png,rotten_banana
..\data\fruits\rotten_banana\Screen Shot 2018-06-12 at 8.59.44 PM.png,rotten_banana
..\data\fruits\rotten_banana\Screen Shot 2018-06-12 at 8.52.48 PM.png,rotten_banana
..\data\fruits\rotten_banana\translation_Screen Shot 2018-06-12 at 8.47.14 PM.png,rotten_banana
..\data\fruits\rotten_banana\Screen Shot 2018-06-12 at 8.58.53 PM.png,rotten_banana
..\data\fruits\rotten_banana\vertical_flip_Screen Shot 2018-06-12 at 8.58.18 PM.png,rotten_banana
..\data\fruits\rotten_banana\Screen Shot 2018-06-12 at 9.27.11 PM.png,rotten_banana
..\data\fruits\rotten_banana\vertical_flip_Screen Shot 2018-06-12 at 9.22.37 PM.png,rotten_banana
..\data\fruits\rotten_banana\Screen Shot 2018-06-12 at 8.59.23 PM.png,rotten_banana
..\data\fruits\rotten_banana\Screen Shot 2018-06-12 at 8.55.28 PM.png,rotten_banana
..\data\fruits\rotten_banana\Screen Shot 2018-06-12 at 9.07.31 PM.png,rotten_banana
..\data\fruits\rotten_banana\Screen Shot 2018-06-12 at 9.26.21 PM.png,rotten_banana
..\data\fruits\rotten_banana\vertical_flip_Screen Shot 2018-06-12 at 9.02.38 PM.png,rotten_banana
..\data\fruits\rotten_banana\vertical_flip_Screen Shot 2018-06-12 at 9.18.50 PM.png,rotten_banana
..\data\fruits\rotten_banana\vertical_flip_Screen Shot 2018-06-12 at 9.09.09 PM.png,rotten_banana
..\data\fruits\rotten_banana\vertical_flip_Screen Shot 2018-06-12 at 8.52.01 PM.png,rotten_banana
..\data\fruits\rotten_banana\vertical_flip_Screen Shot 2018-06-12 at 9.21.10 PM.png,rotten_banana
..\data\fruits\rotten_banana\translation_Screen Shot 2018-06-12 at 9.04.56 PM.png,rotten_banana
..\data\fruits\rotten_banana\vertical_flip_Screen Shot 2018-06-12 at 9.02.44 PM.png,rotten_banana
..\data\fruits\rotten_banana\translation_Screen Shot 2018-06-12 at 9.10.14 PM.png,rotten_banana
..\data\fruits\rotten_banana\translation_Screen Shot 2018-06-12 at 9.09.22 PM.png,rotten_banana
..\data\fruits\rotten_banana\translation_Screen Shot 2018-06-12 at 8.56.37 PM.png,rotten_banana
..\data\fruits\rotten_banana\Screen Shot 2018-06-12 at 8.58.33 PM.png,rotten_banana
..\data\fruits\rotten_banana\vertical_flip_Screen Shot 2018-06-12 at 9.19.49 PM.png,rotten_banana
..\data\fruits\rotten_banana\Screen Shot 2018-06-12 at 9.02.03 PM.png,rotten_banana
..\data\fruits\rotten_banana\vertical_flip_Screen Shot 2018-06-12 at 8.53.42 PM.png,rotten_banana
..\data\fruits\rotten_banana\vertical_flip_Screen Shot 2018-06-12 at 9.08.54 PM.png,rotten_banana
..\data\fruits\rotten_banana\translation_Screen Shot 2018-06-12 at 9.14.01 PM.png,rotten_banana
..\data\fruits\rotten_banana\Screen Shot 2018-06-12 at 9.13.44 PM.png,rotten_banana
..\data\fruits\rotten_banana\Screen Shot 2018-06-12 at 9.21.00 PM.png,rotten_banana
..\data\fruits\rotten_banana\Screen Shot 2018-06-12 at 9.10.45 PM.png,rotten_banana
..\data\fruits\rotten_banana\translation_Screen Shot 2018-06-12 at 8.56.41 PM.png,rotten_banana
..\data\fruits\rotten_banana\vertical_flip_Screen Shot 2018-06-12 at 9.10.55 PM.png,rotten_banana
..\data\fruits\rotten_banana\translation_Screen Shot 2018-06-12 at 8.48.46 PM.png,rotten_banana
..\data\fruits\rotten_banana\Screen Shot 2018-06-12 at 9.16.57 PM.png,rotten_banana
..\data\fruits\rotten_banana\translation_Screen Shot 2018-06-12 at 9.09.29 PM.png,rotten_banana
..\data\fruits\rotten_banana\Screen Shot 2018-06-12 at 9.13.39 PM.png,rotten_banana
..\data\fruits\rotten_banana\vertical_flip_Screen Shot 2018-06-12 at 9.22.19 PM.png,rotten_banana
..\data\fruits\rotten_banana\translation_Screen Shot 2018-06-12 at 8.53.29 PM.png,rotten_banana
..\data\fruits\rotten_banana\translation_Screen Shot 2018-06-12 at 8.54.58 PM.png,rotten_banana
..\data\fruits\rotten_banana\Screen Shot 2018-06-12 at 8.50.47 PM.png,rotten_banana
..\data\fruits\rotten_banana\translation_Screen Shot 2018-06-12 at 9.11.58 PM.png,rotten_banana
..\data\fruits\rotten_banana\translation_Screen Shot 2018-06-12 at 8.53.42 PM.png,rotten_banana
..\data\fruits\rotten_banana\vertical_flip_Screen Shot 2018-06-12 at 9.10.27 PM.png,rotten_banana
..\data\fruits\rotten_banana\vertical_flip_Screen Shot 2018-06-12 at 9.12.06 PM.png,rotten_banana
..\data\fruits\rotten_banana\vertical_flip_Screen Shot 2018-06-12 at 9.28.04 PM.png,rotten_banana
..\data\fruits\rotten_banana\translation_Screen Shot 2018-06-12 at 9.06.05 PM.png,rotten_banana
..\data\fruits\rotten_banana\Screen Shot 2018-06-12 at 9.11.00 PM.png,rotten_banana
..\data\fruits\rotten_banana\translation_Screen Shot 2018-06-12 at 9.27.46 PM.png,rotten_banana
..\data\fruits\rotten_banana\Screen Shot 2018-06-12 at 9.16.20 PM.png,rotten_banana
..\data\fruits\rotten_banana\translation_Screen Shot 2018-06-12 at 9.05.32 PM.png,rotten_banana
..\data\fruits\rotten_banana\Screen Shot 2018-06-12 at 8.53.37 PM.png,rotten_banana
..\data\fruits\rotten_banana\vertical_flip_Screen Shot 2018-06-12 at 9.21.20 PM.png,rotten_banana
..\data\fruits\rotten_banana\translation_Screen Shot 2018-06-12 at 8.52.48 PM.png,rotten_banana
..\data\fruits\rotten_banana\vertical_flip_Screen Shot 2018-06-12 at 8.57.29 PM.png,rotten_banana
..\data\fruits\rotten_banana\translation_Screen Shot 2018-06-12 at 9.07.04 PM.png,rotten_banana
..\data\fruits\rotten_banana\Screen Shot 2018-06-12 at 9.13.10 PM.png,rotten_banana
..\data\fruits\rotten_banana\translation_Screen Shot 2018-06-12 at 8.57.22 PM.png,rotten_banana
..\data\fruits\rotten_banana\Screen Shot 2018-06-12 at 9.25.04 PM.png,rotten_banana
..\data\fruits\rotten_banana\translation_Screen Shot 2018-06-12 at 9.22.32 PM.png,rotten_banana
..\data\fruits\rotten_banana\Screen Shot 2018-06-12 at 9.11.23 PM.png,rotten_banana
..\data\fruits\rotten_banana\Screen Shot 2018-06-12 at 8.58.01 PM.png,rotten_banana
..\data\fruits\rotten_banana\translation_Screen Shot 2018-06-12 at 9.03.21 PM.png,rotten_banana
..\data\fruits\rotten_banana\translation_Screen Shot 2018-06-12 at 9.20.47 PM.png,rotten_banana
..\data\fruits\rotten_banana\vertical_flip_Screen Shot 2018-06-12 at 9.26.21 PM.png,rotten_banana
..\data\fruits\rotten_banana\vertical_flip_Screen Shot 2018-06-12 at 9.17.38 PM.png,rotten_banana
..\data\fruits\rotten_banana\vertical_flip_Screen Shot 2018-06-12 at 9.25.54 PM.png,rotten_banana
..\data\fruits\rotten_banana\Screen Shot 2018-06-12 at 9.22.13 PM.png,rotten_banana
..\data\fruits\rotten_banana\vertical_flip_Screen Shot 2018-06-12 at 9.03.34 PM.png,rotten_banana
..\data\fruits\rotten_banana\vertical_flip_Screen Shot 2018-06-12 at 8.48.18 PM.png,rotten_banana
..\data\fruits\rotten_banana\Screen Shot 2018-06-12 at 9.27.52 PM.png,rotten_banana
..\data\fruits\rotten_banana\Screen Shot 2018-06-12 at 8.47.51 PM.png,rotten_banana
..\data\fruits\rotten_banana\Screen Shot 2018-06-12 at 8.53.03 PM.png,rotten_banana
..\data\fruits\rotten_banana\translation_Screen Shot 2018-06-12 at 9.17.27 PM.png,rotten_banana
..\data\fruits\rotten_banana\vertical_flip_Screen Shot 2018-06-12 at 9.14.43 PM.png,rotten_banana
..\data\fruits\rotten_banana\translation_Screen Shot 2018-06-12 at 9.18.11 PM.png,rotten_banana
..\data\fruits\rotten_banana\vertical_flip_Screen Shot 2018-06-12 at 9.03.12 PM.png,rotten_banana
..\data\fruits\rotten_banana\vertical_flip_Screen Shot 2018-06-12 at 9.03.17 PM.png,rotten_banana
..\data\fruits\rotten_banana\translation_Screen Shot 2018-06-12 at 9.03.17 PM.png,rotten_banana
..\data\fruits\rotten_banana\translation_Screen Shot 2018-06-12 at 9.16.53 PM.png,rotten_banana
..\data\fruits\rotten_banana\translation_Screen Shot 2018-06-12 at 9.03.30 PM.png,rotten_banana
..\data\fruits\rotten_banana\translation_Screen Shot 2018-06-12 at 9.21.05 PM.png,rotten_banana
..\data\fruits\rotten_banana\translation_Screen Shot 2018-06-12 at 8.50.15 PM.png,rotten_banana
..\data\fruits\rotten_banana\Screen Shot 2018-06-12 at 9.07.08 PM.png,rotten_banana
..\data\fruits\rotten_banana\vertical_flip_Screen Shot 2018-06-12 at 9.22.32 PM.png,rotten_banana
..\data\fruits\rotten_banana\translation_Screen Shot 2018-06-12 at 9.13.21 PM.png,rotten_banana
..\data\fruits\rotten_banana\translation_Screen Shot 2018-06-12 at 9.00.44 PM.png,rotten_banana
..\data\fruits\rotten_banana\translation_Screen Shot 2018-06-12 at 9.22.25 PM.png,rotten_banana
..\data\fruits\rotten_banana\vertical_flip_Screen Shot 2018-06-12 at 8.57.54 PM.png,rotten_banana
..\data\fruits\rotten_banana\vertical_flip_Screen Shot 2018-06-12 at 8.59.44 PM.png,rotten_banana
..\data\fruits\rotten_banana\translation_Screen Shot 2018-06-12 at 9.12.27 PM.png,rotten_banana
..\data\fruits\rotten_banana\Screen Shot 2018-06-12 at 8.55.15 PM.png,rotten_banana
..\data\fruits\rotten_banana\translation_Screen Shot 2018-06-12 at 9.11.17 PM.png,rotten_banana
..\data\fruits\rotten_banana\translation_Screen Shot 2018-06-12 at 8.55.08 PM.png,rotten_banana
..\data\fruits\rotten_banana\vertical_flip_Screen Shot 2018-06-12 at 9.13.44 PM.png,rotten_banana
..\data\fruits\rotten_banana\vertical_flip_Screen Shot 2018-06-12 at 8.50.26 PM.png,rotten_banana
..\data\fruits\rotten_banana\Screen Shot 2018-06-12 at 9.19.35 PM.png,rotten_banana
..\data\fruits\rotten_banana\vertical_flip_Screen Shot 2018-06-12 at 9.27.26 PM.png,rotten_banana
..\data\fruits\rotten_banana\translation_Screen Shot 2018-06-12 at 8.49.15 PM.png,rotten_banana
..\data\fruits\rotten_banana\translation_Screen Shot 2018-06-12 at 9.10.37 PM.png,rotten_banana
..\data\fruits\rotten_banana\vertical_flip_Screen Shot 2018-06-12 at 8.52.48 PM.png,rotten_banana
..\data\fruits\rotten_banana\Screen Shot 2018-06-12 at 8.58.13 PM.png,rotten_banana
..\data\fruits\rotten_banana\vertical_flip_Screen Shot 2018-06-12 at 9.12.27 PM.png,rotten_banana
..\data\fruits\rotten_banana\Screen Shot 2018-06-12 at 9.20.20 PM.png,rotten_banana
..\data\fruits\rotten_banana\vertical_flip_Screen Shot 2018-06-12 at 8.59.02 PM.png,rotten_banana
..\data\fruits\rotten_banana\vertical_flip_Screen Shot 2018-06-12 at 8.48.07 PM.png,rotten_banana
..\data\fruits\rotten_banana\Screen Shot 2018-06-12 at 9.13.28 PM.png,rotten_banana
..\data\fruits\rotten_banana\Screen Shot 2018-06-12 at 8.54.48 PM.png,rotten_banana
..\data\fruits\rotten_banana\vertical_flip_Screen Shot 2018-06-12 at 9.17.27 PM.png,rotten_banana
..\data\fruits\rotten_banana\translation_Screen Shot 2018-06-12 at 8.47.57 PM.png,rotten_banana
..\data\fruits\rotten_banana\vertical_flip_Screen Shot 2018-06-12 at 9.25.46 PM.png,rotten_banana
..\data\fruits\rotten_banana\vertical_flip_Screen Shot 2018-06-12 at 9.27.56 PM.png,rotten_banana
..\data\fruits\rotten_banana\vertical_flip_Screen Shot 2018-06-12 at 9.19.03 PM.png,rotten_banana
..\data\fruits\rotten_banana\translation_Screen Shot 2018-06-12 at 9.11.00 PM.png,rotten_banana
..\data\fruits\rotten_banana\vertical_flip_Screen Shot 2018-06-12 at 9.00.38 PM.png,rotten_banana
..\data\fruits\rotten_banana\vertical_flip_Screen Shot 2018-06-12 at 8.47.51 PM.png,rotten_banana
..\data\fruits\rotten_banana\translation_Screen Shot 2018-06-12 at 8.47.28 PM.png,rotten_banana
..\data\fruits\rotten_banana\translation_Screen Shot 2018-06-12 at 8.59.44 PM.png,rotten_banana
..\data\fruits\rotten_banana\vertical_flip_Screen Shot 2018-06-12 at 9.19.17 PM.png,rotten_banana
..\data\fruits\rotten_banana\translation_Screen Shot 2018-06-12 at 9.19.17 PM.png,rotten_banana
..\data\fruits\rotten_banana\vertical_flip_Screen Shot 2018-06-12 at 8.54.07 PM.png,rotten_banana
..\data\fruits\rotten_banana\vertical_flip_Screen Shot 2018-06-12 at 9.11.00 PM.png,rotten_banana
..\data\fruits\rotten_banana\translation_Screen Shot 2018-06-12 at 9.21.25 PM.png,rotten_banana
..\data\fruits\rotten_banana\translation_Screen Shot 2018-06-12 at 9.03.34 PM.png,rotten_banana
..\data\fruits\rotten_banana\vertical_flip_Screen Shot 2018-06-12 at 8.47.14 PM.png,rotten_banana
..\data\fruits\rotten_banana\translation_Screen Shot 2018-06-12 at 9.19.08 PM.png,rotten_banana
..\data\fruits\rotten_banana\Screen Shot 2018-06-12 at 8.51.56 PM.png,rotten_banana
..\data\fruits\rotten_banana\translation_Screen Shot 2018-06-12 at 9.19.28 PM.png,rotten_banana
..\data\fruits\rotten_banana\vertical_flip_Screen Shot 2018-06-12 at 9.09.43 PM.png,rotten_banana
..\data\fruits\rotten_banana\translation_Screen Shot 2018-06-12 at 9.20.52 PM.png,rotten_banana
..\data\fruits\rotten_banana\Screen Shot 2018-06-12 at 9.12.57 PM.png,rotten_banana
..\data\fruits\rotten_banana\vertical_flip_Screen Shot 2018-06-12 at 9.18.57 PM.png,rotten_banana
..\data\fruits\rotten_banana\translation_Screen Shot 2018-06-12 at 8.56.21 PM.png,rotten_banana
..\data\fruits\rotten_banana\Screen Shot 2018-06-12 at 8.48.18 PM.png,rotten_banana
..\data\fruits\rotten_banana\vertical_flip_Screen Shot 2018-06-12 at 9.02.32 PM.png,rotten_banana
..\data\fruits\rotten_banana\translation_Screen Shot 2018-06-12 at 9.08.12 PM.png,rotten_banana
..\data\fruits\rotten_banana\vertical_flip_Screen Shot 2018-06-12 at 8.51.21 PM.png,rotten_banana
..\data\fruits\rotten_banana\translation_Screen Shot 2018-06-12 at 8.57.54 PM.png,rotten_banana
..\data\fruits\rotten_banana\translation_Screen Shot 2018-06-12 at 8.52.01 PM.png,rotten_banana
..\data\fruits\rotten_banana\Screen Shot 2018-06-12 at 9.11.52 PM.png,rotten_banana
..\data\fruits\rotten_banana\translation_Screen Shot 2018-06-12 at 9.06.33 PM.png,rotten_banana
..\data\fruits\rotten_banana\vertical_flip_Screen Shot 2018-06-12 at 8.54.48 PM.png,rotten_banana
..\data\fruits\rotten_banana\vertical_flip_Screen Shot 2018-06-12 at 9.00.17 PM.png,rotten_banana
..\data\fruits\rotten_banana\translation_Screen Shot 2018-06-12 at 9.26.21 PM.png,rotten_banana
..\data\fruits\rotten_banana\Screen Shot 2018-06-12 at 9.27.15 PM.png,rotten_banana
..\data\fruits\rotten_banana\Screen Shot 2018-06-12 at 9.02.24 PM.png,rotten_banana
..\data\fruits\rotten_banana\translation_Screen Shot 2018-06-12 at 9.13.54 PM.png,rotten_banana
..\data\fruits\rotten_banana\translation_Screen Shot 2018-06-12 at 8.51.21 PM.png,rotten_banana
..\data\fruits\rotten_banana\translation_Screen Shot 2018-06-12 at 9.27.56 PM.png,rotten_banana
..\data\fruits\rotten_banana\translation_Screen Shot 2018-06-12 at 8.54.30 PM.png,rotten_banana
..\data\fruits\rotten_banana\translation_Screen Shot 2018-06-12 at 8.48.24 PM.png,rotten_banana
..\data\fruits\rotten_banana\Screen Shot 2018-06-12 at 8.51.38 PM.png,rotten_banana
..\data\fruits\rotten_banana\vertical_flip_Screen Shot 2018-06-12 at 8.50.54 PM.png,rotten_banana
..\data\fruits\rotten_banana\vertical_flip_Screen Shot 2018-06-12 at 9.04.56 PM.png,rotten_banana
..\data\fruits\rotten_banana\vertical_flip_Screen Shot 2018-06-12 at 9.11.58 PM.png,rotten_banana
..\data\fruits\rotten_banana\vertical_flip_Screen Shot 2018-06-12 at 9.01.46 PM.png,rotten_banana
..\data\fruits\rotten_banana\vertical_flip_Screen Shot 2018-06-12 at 9.04.08 PM.png,rotten_banana
..\data\fruits\rotten_banana\vertical_flip_Screen Shot 2018-06-12 at 9.25.34 PM.png,rotten_banana
..\data\fruits\rotten_banana\Screen Shot 2018-06-12 at 9.26.07 PM.png,rotten_banana
..\data\fruits\rotten_banana\vertical_flip_Screen Shot 2018-06-12 at 9.03.01 PM.png,rotten_banana
..\data\fruits\rotten_banana\Screen Shot 2018-06-12 at 8.54.37 PM.png,rotten_banana
..\data\fruits\rotten_banana\vertical_flip_Screen Shot 2018-06-12 at 8.56.01 PM.png,rotten_banana
..\data\fruits\rotten_banana\Screen Shot 2018-06-12 at 9.20.07 PM.png,rotten_banana
..\data\fruits\rotten_banana\translation_Screen Shot 2018-06-12 at 9.25.46 PM.png,rotten_banana
..\data\fruits\rotten_banana\vertical_flip_Screen Shot 2018-06-12 at 9.05.02 PM.png,rotten_banana
..\data\fruits\rotten_banana\vertical_flip_Screen Shot 2018-06-12 at 8.49.15 PM.png,rotten_banana
..\data\fruits\rotten_banana\vertical_flip_Screen Shot 2018-06-12 at 9.25.12 PM.png,rotten_banana
..\data\fruits\rotten_banana\vertical_flip_Screen Shot 2018-06-12 at 8.56.16 PM.png,rotten_banana
..\data\fruits\rotten_banana\vertical_flip_Screen Shot 2018-06-12 at 9.11.05 PM.png,rotten_banana
..\data\fruits\rotten_banana\translation_Screen Shot 2018-06-12 at 8.52.37 PM.png,rotten_banana
..\data\fruits\rotten_banana\translation_Screen Shot 2018-06-12 at 9.21.00 PM.png,rotten_banana
..\data\fruits\rotten_banana\Screen Shot 2018-06-12 at 9.26.01 PM.png,rotten_banana
..\data\fruits\rotten_banana\translation_Screen Shot 2018-06-12 at 8.53.47 PM.png,rotten_banana
..\data\fruits\rotten_banana\vertical_flip_Screen Shot 2018-06-12 at 9.13.28 PM.png,rotten_banana
..\data\fruits\rotten_banana\Screen Shot 2018-06-12 at 9.00.38 PM.png,rotten_banana
..\data\fruits\rotten_banana\vertical_flip_Screen Shot 2018-06-12 at 9.06.21 PM.png,rotten_banana
..\data\fruits\rotten_banana\translation_Screen Shot 2018-06-12 at 8.50.47 PM.png,rotten_banana
..\data\fruits\rotten_banana\Screen Shot 2018-06-12 at 9.12.49 PM.png,rotten_banana
..\data\fruits\rotten_banana\Screen Shot 2018-06-12 at 9.10.41 PM.png,rotten_banana
..\data\fruits\rotten_banana\vertical_flip_Screen Shot 2018-06-12 at 8.59.15 PM.png,rotten_banana
..\data\fruits\rotten_banana\Screen Shot 2018-06-12 at 9.09.55 PM.png,rotten_banana
..\data\fruits\rotten_banana\vertical_flip_Screen Shot 2018-06-12 at 8.52.11 PM.png,rotten_banana
..\data\fruits\rotten_banana\Screen Shot 2018-06-12 at 8.57.46 PM.png,rotten_banana
..\data\fruits\rotten_banana\vertical_flip_Screen Shot 2018-06-12 at 9.04.47 PM.png,rotten_banana
..\data\fruits\rotten_banana\vertical_flip_Screen Shot 2018-06-12 at 8.49.25 PM.png,rotten_banana
..\data\fruits\rotten_banana\Screen Shot 2018-06-12 at 8.56.06 PM.png,rotten_banana
..\data\fruits\rotten_banana\vertical_flip_Screen Shot 2018-06-12 at 8.55.21 PM.png,rotten_banana
..\data\fruits\rotten_banana\Screen Shot 2018-06-12 at 8.49.30 PM.png,rotten_banana
..\data\fruits\rotten_banana\Screen Shot 2018-06-12 at 9.09.05 PM.png,rotten_banana
..\data\fruits\rotten_banana\translation_Screen Shot 2018-06-12 at 8.53.03 PM.png,rotten_banana
..\data\fruits\rotten_banana\Screen Shot 2018-06-12 at 8.56.49 PM.png,rotten_banana
..\data\fruits\fresh_orange\translation_Screen Shot 2018-06-12 at 11.57.45 PM.png,fresh_orange
..\data\fruits\fresh_orange\vertical_flip_Screen Shot 2018-06-12 at 11.57.45 PM.png,fresh_orange
..\data\fruits\fresh_orange\Screen Shot 2018-06-13 at 12.06.43 AM.png,fresh_orange
..\data\fruits\fresh_orange\vertical_flip_Screen Shot 2018-06-12 at 11.59.19 PM.png,fresh_orange
..\data\fruits\fresh_orange\translation_Screen Shot 2018-06-13 at 12.11.02 AM.png,fresh_orange
..\data\fruits\fresh_orange\Screen Shot 2018-06-13 at 12.08.29 AM.png,fresh_orange
..\data\fruits\fresh_orange\vertical_flip_Screen Shot 2018-06-13 at 12.06.43 AM.png,fresh_orange
..\data\fruits\fresh_orange\translation_Screen Shot 2018-06-13 at 12.18.40 AM.png,fresh_orange
..\data\fruits\fresh_orange\vertical_flip_Screen Shot 2018-06-13 at 12.09.49 AM.png,fresh_orange
..\data\fruits\fresh_orange\translation_Screen Shot 2018-06-12 at 11.50.19 PM.png,fresh_orange
..\data\fruits\fresh_orange\vertical_flip_Screen Shot 2018-06-13 at 12.00.43 AM.png,fresh_orange
..\data\fruits\fresh_orange\Screen Shot 2018-06-12 at 11.52.16 PM.png,fresh_orange
..\data\fruits\fresh_orange\vertical_flip_Screen Shot 2018-06-12 at 11.57.07 PM.png,fresh_orange
..\data\fruits\fresh_orange\vertical_flip_Screen Shot 2018-06-13 at 12.04.01 AM.png,fresh_orange
..\data\fruits\fresh_orange\translation_Screen Shot 2018-06-13 at 12.10.53 AM.png,fresh_orange
..\data\fruits\fresh_orange\Screen Shot 2018-06-12 at 11.59.23 PM.png,fresh_orange
..\data\fruits\fresh_orange\translation_Screen Shot 2018-06-12 at 11.55.58 PM.png,fresh_orange
..\data\fruits\fresh_orange\translation_Screen Shot 2018-06-13 at 12.11.10 AM.png,fresh_orange
..\data\fruits\fresh_orange\translation_Screen Shot 2018-06-12 at 11.55.23 PM.png,fresh_orange
..\data\fruits\fresh_orange\Screen Shot 2018-06-12 at 11.53.53 PM.png,fresh_orange
..\data\fruits\fresh_orange\vertical_flip_Screen Shot 2018-06-12 at 11.54.55 PM.png,fresh_orange
..\data\fruits\fresh_orange\Screen Shot 2018-06-13 at 12.17.19 AM.png,fresh_orange
..\data\fruits\fresh_orange\Screen Shot 2018-06-13 at 12.20.25 AM.png,fresh_orange
..\data\fruits\fresh_orange\Screen Shot 2018-06-13 at 12.07.17 AM.png,fresh_orange
..\data\fruits\fresh_orange\translation_Screen Shot 2018-06-12 at 11.54.44 PM.png,fresh_orange
..\data\fruits\fresh_orange\vertical_flip_Screen Shot 2018-06-12 at 11.52.46 PM.png,fresh_orange
..\data\fruits\fresh_orange\Screen Shot 2018-06-12 at 11.58.28 PM.png,fresh_orange
..\data\fruits\fresh_orange\vertical_flip_Screen Shot 2018-06-12 at 11.59.54 PM.png,fresh_orange
..\data\fruits\fresh_orange\Screen Shot 2018-06-13 at 12.02.53 AM.png,fresh_orange
..\data\fruits\fresh_orange\Screen Shot 2018-06-12 at 11.53.33 PM.png,fresh_orange
..\data\fruits\fresh_orange\Screen Shot 2018-06-13 at 12.06.10 AM.png,fresh_orange
..\data\fruits\fresh_orange\vertical_flip_Screen Shot 2018-06-12 at 11.55.58 PM.png,fresh_orange
..\data\fruits\fresh_orange\translation_Screen Shot 2018-06-13 at 12.10.04 AM.png,fresh_orange
..\data\fruits\fresh_orange\Screen Shot 2018-06-13 at 12.08.32 AM.png,fresh_orange
..\data\fruits\fresh_orange\vertical_flip_Screen Shot 2018-06-12 at 11.55.48 PM.png,fresh_orange
..\data\fruits\fresh_orange\translation_Screen Shot 2018-06-13 at 12.10.45 AM.png,fresh_orange
..\data\fruits\fresh_orange\Screen Shot 2018-06-13 at 12.15.13 AM.png,fresh_orange
..\data\fruits\fresh_orange\vertical_flip_Screen Shot 2018-06-13 at 12.00.17 AM.png,fresh_orange
..\data\fruits\fresh_orange\Screen Shot 2018-06-13 at 12.19.43 AM.png,fresh_orange
..\data\fruits\fresh_orange\translation_Screen Shot 2018-06-12 at 11.52.40 PM.png,fresh_orange
..\data\fruits\fresh_orange\vertical_flip_Screen Shot 2018-06-13 at 12.14.32 AM.png,fresh_orange
..\data\fruits\fresh_orange\vertical_flip_Screen Shot 2018-06-12 at 11.50.14 PM.png,fresh_orange
..\data\fruits\fresh_orange\Screen Shot 2018-06-12 at 11.55.48 PM.png,fresh_orange
..\data\fruits\fresh_orange\translation_Screen Shot 2018-06-13 at 12.18.52 AM.png,fresh_orange
..\data\fruits\fresh_orange\vertical_flip_Screen Shot 2018-06-12 at 11.58.56 PM.png,fresh_orange
..\data\fruits\fresh_orange\Screen Shot 2018-06-12 at 11.52.21 PM.png,fresh_orange
..\data\fruits\fresh_orange\Screen Shot 2018-06-12 at 11.58.18 PM.png,fresh_orange
..\data\fruits\fresh_orange\translation_Screen Shot 2018-06-12 at 11.57.52 PM.png,fresh_orange
..\data\fruits\fresh_orange\vertical_flip_Screen Shot 2018-06-13 at 12.08.41 AM.png,fresh_orange
..\data\fruits\fresh_orange\Screen Shot 2018-06-13 at 12.09.32 AM.png,fresh_orange
..\data\fruits\fresh_orange\vertical_flip_Screen Shot 2018-06-13 at 12.02.45 AM.png,fresh_orange
..\data\fruits\fresh_orange\Screen Shot 2018-06-13 at 12.03.27 AM.png,fresh_orange
..\data\fruits\fresh_orange\Screen Shot 2018-06-13 at 12.10.57 AM.png,fresh_orange
..\data\fruits\fresh_orange\translation_Screen Shot 2018-06-13 at 12.00.17 AM.png,fresh_orange
..\data\fruits\fresh_orange\Screen Shot 2018-06-13 at 12.01.10 AM.png,fresh_orange
..\data\fruits\fresh_orange\translation_Screen Shot 2018-06-13 at 12.19.08 AM.png,fresh_orange
..\data\fruits\fresh_orange\vertical_flip_Screen Shot 2018-06-12 at 11.58.43 PM.png,fresh_orange
..\data\fruits\fresh_orange\vertical_flip_Screen Shot 2018-06-13 at 12.17.01 AM.png,fresh_orange
..\data\fruits\fresh_orange\vertical_flip_Screen Shot 2018-06-13 at 12.15.01 AM.png,fresh_orange
..\data\fruits\fresh_orange\vertical_flip_Screen Shot 2018-06-13 at 12.01.10 AM.png,fresh_orange
..\data\fruits\fresh_orange\Screen Shot 2018-06-13 at 12.20.21 AM.png,fresh_orange
..\data\fruits\fresh_orange\translation_Screen Shot 2018-06-13 at 12.13.51 AM.png,fresh_orange
..\data\fruits\fresh_orange\vertical_flip_Screen Shot 2018-06-13 at 12.10.27 AM.png,fresh_orange
..\data\fruits\fresh_orange\vertical_flip_Screen Shot 2018-06-13 at 12.06.01 AM.png,fresh_orange
..\data\fruits\fresh_orange\vertical_flip_Screen Shot 2018-06-13 at 12.00.02 AM.png,fresh_orange
..\data\fruits\fresh_orange\vertical_flip_Screen Shot 2018-06-13 at 12.13.35 AM.png,fresh_orange
..\data\fruits\fresh_orange\Screen Shot 2018-06-13 at 12.07.46 AM.png,fresh_orange
..\data\fruits\fresh_orange\Screen Shot 2018-06-13 at 12.04.39 AM.png,fresh_orange
..\data\fruits\fresh_orange\Screen Shot 2018-06-13 at 12.07.32 AM.png,fresh_orange
..\data\fruits\fresh_orange\Screen Shot 2018-06-13 at 12.09.49 AM.png,fresh_orange
..\data\fruits\fresh_orange\translation_Screen Shot 2018-06-13 at 12.15.39 AM.png,fresh_orange
..\data\fruits\fresh_orange\vertical_flip_Screen Shot 2018-06-13 at 12.09.05 AM.png,fresh_orange
..\data\fruits\fresh_orange\translation_Screen Shot 2018-06-12 at 11.58.28 PM.png,fresh_orange
..\data\fruits\fresh_orange\vertical_flip_Screen Shot 2018-06-12 at 11.51.02 PM.png,fresh_orange
..\data\fruits\fresh_orange\Screen Shot 2018-06-13 at 12.09.05 AM.png,fresh_orange
..\data\fruits\fresh_orange\vertical_flip_Screen Shot 2018-06-12 at 11.54.44 PM.png,fresh_orange
..\data\fruits\fresh_orange\vertical_flip_Screen Shot 2018-06-12 at 11.56.43 PM.png,fresh_orange
..\data\fruits\fresh_orange\translation_Screen Shot 2018-06-13 at 12.08.58 AM.png,fresh_orange
..\data\fruits\fresh_orange\Screen Shot 2018-06-13 at 12.17.55 AM.png,fresh_orange
..\data\fruits\fresh_orange\vertical_flip_Screen Shot 2018-06-13 at 12.17.51 AM.png,fresh_orange
..\data\fruits\fresh_orange\translation_Screen Shot 2018-06-13 at 12.01.36 AM.png,fresh_orange
..\data\fruits\fresh_orange\translation_Screen Shot 2018-06-12 at 11.58.43 PM.png,fresh_orange
..\data\fruits\fresh_orange\translation_Screen Shot 2018-06-13 at 12.03.27 AM.png,fresh_orange
..\data\fruits\fresh_orange\translation_Screen Shot 2018-06-13 at 12.00.06 AM.png,fresh_orange
..\data\fruits\fresh_orange\translation_Screen Shot 2018-06-13 at 12.00.43 AM.png,fresh_orange
..\data\fruits\fresh_orange\Screen Shot 2018-06-13 at 12.05.13 AM.png,fresh_orange
..\data\fruits\fresh_orange\vertical_flip_Screen Shot 2018-06-12 at 11.59.48 PM.png,fresh_orange
..\data\fruits\fresh_orange\translation_Screen Shot 2018-06-13 at 12.18.27 AM.png,fresh_orange
..\data\fruits\fresh_orange\translation_Screen Shot 2018-06-13 at 12.00.54 AM.png,fresh_orange
..\data\fruits\fresh_orange\translation_Screen Shot 2018-06-13 at 12.20.39 AM.png,fresh_orange
..\data\fruits\fresh_orange\vertical_flip_Screen Shot 2018-06-13 at 12.10.57 AM.png,fresh_orange
..\data\fruits\fresh_orange\Screen Shot 2018-06-13 at 12.17.05 AM.png,fresh_orange
..\data\fruits\fresh_orange\vertical_flip_Screen Shot 2018-06-12 at 11.53.53 PM.png,fresh_orange
..\data\fruits\fresh_orange\translation_Screen Shot 2018-06-12 at 11.59.23 PM.png,fresh_orange
..\data\fruits\fresh_orange\translation_Screen Shot 2018-06-13 at 12.01.58 AM.png,fresh_orange
..\data\fruits\fresh_orange\translation_Screen Shot 2018-06-13 at 12.05.19 AM.png,fresh_orange
..\data\fruits\fresh_orange\Screen Shot 2018-06-13 at 12.16.08 AM.png,fresh_orange
..\data\fruits\fresh_orange\translation_Screen Shot 2018-06-12 at 11.50.47 PM.png,fresh_orange
..\data\fruits\fresh_orange\translation_Screen Shot 2018-06-13 at 12.12.04 AM.png,fresh_orange
..\data\fruits\fresh_orange\translation_Screen Shot 2018-06-13 at 12.01.10 AM.png,fresh_orange
..\data\fruits\fresh_orange\translation_Screen Shot 2018-06-13 at 12.17.43 AM.png,fresh_orange
..\data\fruits\fresh_orange\Screen Shot 2018-06-12 at 11.58.11 PM.png,fresh_orange
..\data\fruits\fresh_orange\translation_Screen Shot 2018-06-13 at 12.11.17 AM.png,fresh_orange
..\data\fruits\fresh_orange\vertical_flip_Screen Shot 2018-06-12 at 11.54.20 PM.png,fresh_orange
..\data\fruits\fresh_orange\vertical_flip_Screen Shot 2018-06-13 at 12.08.54 AM.png,fresh_orange
..\data\fruits\fresh_orange\vertical_flip_Screen Shot 2018-06-13 at 12.09.43 AM.png,fresh_orange
..\data\fruits\fresh_orange\vertical_flip_Screen Shot 2018-06-13 at 12.14.09 AM.png,fresh_orange
..\data\fruits\fresh_orange\translation_Screen Shot 2018-06-13 at 12.10.38 AM.png,fresh_orange
..\data\fruits\fresh_orange\vertical_flip_Screen Shot 2018-06-13 at 12.17.19 AM.png,fresh_orange
..\data\fruits\fresh_orange\translation_Screen Shot 2018-06-13 at 12.08.29 AM.png,fresh_orange
..\data\fruits\fresh_orange\Screen Shot 2018-06-13 at 12.00.54 AM.png,fresh_orange
..\data\fruits\fresh_orange\Screen Shot 2018-06-13 at 12.18.27 AM.png,fresh_orange
..\data\fruits\fresh_orange\vertical_flip_Screen Shot 2018-06-12 at 11.56.35 PM.png,fresh_orange
..\data\fruits\fresh_orange\Screen Shot 2018-06-13 at 12.19.36 AM.png,fresh_orange
..\data\fruits\fresh_orange\translation_Screen Shot 2018-06-12 at 11.58.02 PM.png,fresh_orange
..\data\fruits\fresh_orange\translation_Screen Shot 2018-06-13 at 12.08.41 AM.png,fresh_orange
..\data\fruits\fresh_orange\vertical_flip_Screen Shot 2018-06-13 at 12.11.17 AM.png,fresh_orange
..\data\fruits\fresh_orange\Screen Shot 2018-06-12 at 11.50.54 PM.png,fresh_orange
..\data\fruits\fresh_orange\translation_Screen Shot 2018-06-13 at 12.11.28 AM.png,fresh_orange
..\data\fruits\fresh_orange\Screen Shot 2018-06-12 at 11.51.02 PM.png,fresh_orange
..\data\fruits\fresh_orange\vertical_flip_Screen Shot 2018-06-12 at 11.56.48 PM.png,fresh_orange
..\data\fruits\fresh_orange\translation_Screen Shot 2018-06-13 at 12.00.02 AM.png,fresh_orange
..\data\fruits\fresh_orange\translation_Screen Shot 2018-06-12 at 11.56.20 PM.png,fresh_orange
..\data\fruits\fresh_orange\translation_Screen Shot 2018-06-13 at 12.15.08 AM.png,fresh_orange
..\data\fruits\fresh_orange\Screen Shot 2018-06-12 at 11.50.19 PM.png,fresh_orange
..\data\fruits\fresh_orange\translation_Screen Shot 2018-06-13 at 12.05.33 AM.png,fresh_orange
..\data\fruits\fresh_orange\translation_Screen Shot 2018-06-13 at 12.02.33 AM.png,fresh_orange
..\data\fruits\fresh_orange\translation_Screen Shot 2018-06-13 at 12.03.21 AM.png,fresh_orange
..\data\fruits\fresh_orange\Screen Shot 2018-06-13 at 12.01.58 AM.png,fresh_orange
..\data\fruits\fresh_orange\translation_Screen Shot 2018-06-13 at 12.08.54 AM.png,fresh_orange
..\data\fruits\fresh_orange\translation_Screen Shot 2018-06-13 at 12.17.51 AM.png,fresh_orange
..\data\fruits\fresh_orange\vertical_flip_Screen Shot 2018-06-13 at 12.05.46 AM.png,fresh_orange
..\data\fruits\fresh_orange\Screen Shot 2018-06-13 at 12.09.43 AM.png,fresh_orange
..\data\fruits\fresh_orange\Screen Shot 2018-06-13 at 12.06.28 AM.png,fresh_orange
..\data\fruits\fresh_orange\translation_Screen Shot 2018-06-12 at 11.55.42 PM.png,fresh_orange
..\data\fruits\fresh_orange\translation_Screen Shot 2018-06-13 at 12.17.05 AM.png,fresh_orange
..\data\fruits\fresh_orange\translation_Screen Shot 2018-06-12 at 11.55.28 PM.png,fresh_orange
..\data\fruits\fresh_orange\translation_Screen Shot 2018-06-12 at 11.58.18 PM.png,fresh_orange
..\data\fruits\fresh_orange\translation_Screen Shot 2018-06-12 at 11.50.33 PM.png,fresh_orange
..\data\fruits\fresh_orange\Screen Shot 2018-06-13 at 12.06.59 AM.png,fresh_orange
..\data\fruits\fresh_orange\Screen Shot 2018-06-12 at 11.54.10 PM.png,fresh_orange
..\data\fruits\fresh_orange\translation_Screen Shot 2018-06-13 at 12.03.17 AM.png,fresh_orange
..\data\fruits\fresh_orange\Screen Shot 2018-06-13 at 12.04.01 AM.png,fresh_orange
..\data\fruits\fresh_orange\translation_Screen Shot 2018-06-13 at 12.02.53 AM.png,fresh_orange
..\data\fruits\fresh_orange\translation_Screen Shot 2018-06-13 at 12.02.45 AM.png,fresh_orange
..\data\fruits\fresh_orange\translation_Screen Shot 2018-06-13 at 12.08.17 AM.png,fresh_orange
..\data\fruits\fresh_orange\translation_Screen Shot 2018-06-12 at 11.54.10 PM.png,fresh_orange
..\data\fruits\fresh_orange\vertical_flip_Screen Shot 2018-06-13 at 12.02.05 AM.png,fresh_orange
..\data\fruits\fresh_orange\vertical_flip_Screen Shot 2018-06-13 at 12.02.33 AM.png,fresh_orange
..\data\fruits\fresh_orange\translation_Screen Shot 2018-06-13 at 12.19.36 AM.png,fresh_orange
..\data\fruits\fresh_orange\Screen Shot 2018-06-12 at 11.56.55 PM.png,fresh_orange
..\data\fruits\fresh_orange\Screen Shot 2018-06-13 at 12.08.48 AM.png,fresh_orange
..\data\fruits\fresh_orange\vertical_flip_Screen Shot 2018-06-12 at 11.52.40 PM.png,fresh_orange
..\data\fruits\fresh_orange\vertical_flip_Screen Shot 2018-06-13 at 12.08.58 AM.png,fresh_orange
..\data\fruits\fresh_orange\Screen Shot 2018-06-12 at 11.59.19 PM.png,fresh_orange
..\data\fruits\fresh_orange\vertical_flip_Screen Shot 2018-06-13 at 12.14.43 AM.png,fresh_orange
..\data\fruits\fresh_orange\Screen Shot 2018-06-12 at 11.52.40 PM.png,fresh_orange
..\data\fruits\fresh_orange\translation_Screen Shot 2018-06-13 at 12.20.06 AM.png,fresh_orange
..\data\fruits\fresh_orange\Screen Shot 2018-06-12 at 11.59.11 PM.png,fresh_orange
..\data\fruits\fresh_orange\vertical_flip_Screen Shot 2018-06-13 at 12.11.10 AM.png,fresh_orange
..\data\fruits\fresh_orange\vertical_flip_Screen Shot 2018-06-12 at 11.54.10 PM.png,fresh_orange
..\data\fruits\fresh_orange\vertical_flip_Screen Shot 2018-06-13 at 12.00.23 AM.png,fresh_orange
..\data\fruits\fresh_orange\Screen Shot 2018-06-13 at 12.08.09 AM.png,fresh_orange
..\data\fruits\fresh_orange\translation_Screen Shot 2018-06-13 at 12.09.05 AM.png,fresh_orange
..\data\fruits\fresh_orange\translation_Screen Shot 2018-06-12 at 11.53.12 PM.png,fresh_orange
..\data\fruits\fresh_orange\Screen Shot 2018-06-13 at 12.00.43 AM.png,fresh_orange
..\data\fruits\fresh_orange\translation_Screen Shot 2018-06-12 at 11.52.46 PM.png,fresh_orange
..\data\fruits\fresh_orange\vertical_flip_Screen Shot 2018-06-13 at 12.02.53 AM.png,fresh_orange
..\data\fruits\fresh_orange\Screen Shot 2018-06-12 at 11.50.47 PM.png,fresh_orange
..\data\fruits\fresh_orange\translation_Screen Shot 2018-06-13 at 12.03.55 AM.png,fresh_orange
..\data\fruits\fresh_orange\vertical_flip_Screen Shot 2018-06-13 at 12.07.39 AM.png,fresh_orange
..\data\fruits\fresh_orange\translation_Screen Shot 2018-06-12 at 11.55.37 PM.png,fresh_orange
..\data\fruits\fresh_orange\translation_Screen Shot 2018-06-12 at 11.51.08 PM.png,fresh_orange
..\data\fruits\fresh_orange\translation_Screen Shot 2018-06-12 at 11.51.13 PM.png,fresh_orange
..\data\fruits\fresh_orange\vertical_flip_Screen Shot 2018-06-13 at 12.09.54 AM.png,fresh_orange
..\data\fruits\fresh_orange\Screen Shot 2018-06-12 at 11.51.08 PM.png,fresh_orange
..\data\fruits\fresh_orange\vertical_flip_Screen Shot 2018-06-12 at 11.56.55 PM.png,fresh_orange
..\data\fruits\fresh_orange\Screen Shot 2018-06-12 at 11.58.56 PM.png,fresh_orange
..\data\fruits\fresh_orange\Screen Shot 2018-06-13 at 12.20.39 AM.png,fresh_orange
..\data\fruits\fresh_orange\Screen Shot 2018-06-13 at 12.02.11 AM.png,fresh_orange
..\data\fruits\fresh_orange\translation_Screen Shot 2018-06-13 at 12.10.16 AM.png,fresh_orange
..\data\fruits\fresh_orange\Screen Shot 2018-06-13 at 12.20.06 AM.png,fresh_orange
..\data\fruits\fresh_orange\translation_Screen Shot 2018-06-12 at 11.52.03 PM.png,fresh_orange
..\data\fruits\fresh_orange\vertical_flip_Screen Shot 2018-06-13 at 12.08.48 AM.png,fresh_orange
..\data\fruits\fresh_orange\vertical_flip_Screen Shot 2018-06-13 at 12.08.29 AM.png,fresh_orange
..\data\fruits\fresh_orange\Screen Shot 2018-06-12 at 11.53.22 PM.png,fresh_orange
..\data\fruits\fresh_orange\Screen Shot 2018-06-13 at 12.01.23 AM.png,fresh_orange
..\data\fruits\fresh_orange\translation_Screen Shot 2018-06-13 at 12.02.20 AM.png,fresh_orange
..\data\fruits\fresh_orange\vertical_flip_Screen Shot 2018-06-13 at 12.19.43 AM.png,fresh_orange
..\data\fruits\fresh_orange\translation_Screen Shot 2018-06-13 at 12.04.12 AM.png,fresh_orange
..\data\fruits\fresh_orange\Screen Shot 2018-06-12 at 11.58.02 PM.png,fresh_orange
..\data\fruits\fresh_orange\Screen Shot 2018-06-13 at 12.07.05 AM.png,fresh_orange
..\data\fruits\fresh_orange\Screen Shot 2018-06-13 at 12.13.51 AM.png,fresh_orange
..\data\fruits\fresh_orange\Screen Shot 2018-06-13 at 12.17.01 AM.png,fresh_orange
..\data\fruits\fresh_orange\translation_Screen Shot 2018-06-12 at 11.50.28 PM.png,fresh_orange
..\data\fruits\fresh_orange\translation_Screen Shot 2018-06-12 at 11.57.07 PM.png,fresh_orange
..\data\fruits\fresh_orange\Screen Shot 2018-06-13 at 12.17.43 AM.png,fresh_orange
..\data\fruits\fresh_orange\translation_Screen Shot 2018-06-13 at 12.18.02 AM.png,fresh_orange
..\data\fruits\fresh_orange\Screen Shot 2018-06-12 at 11.55.58 PM.png,fresh_orange
..\data\fruits\fresh_orange\vertical_flip_Screen Shot 2018-06-13 at 12.20.06 AM.png,fresh_orange
..\data\fruits\rotten_orange\Screen Shot 2018-06-12 at 11.38.34 PM.png,rotten_orange
..\data\fruits\rotten_orange\translation_Screen Shot 2018-06-12 at 11.37.31 PM.png,rotten_orange
..\data\fruits\rotten_orange\Screen Shot 2018-06-12 at 11.38.46 PM.png,rotten_orange
..\data\fruits\rotten_orange\translation_Screen Shot 2018-06-12 at 11.30.48 PM.png,rotten_orange
..\data\fruits\rotten_orange\vertical_flip_Screen Shot 2018-06-12 at 11.41.44 PM.png,rotten_orange
..\data\fruits\rotten_orange\Screen Shot 2018-06-12 at 11.45.12 PM.png,rotten_orange
..\data\fruits\rotten_orange\Screen Shot 2018-06-12 at 11.38.52 PM.png,rotten_orange
..\data\fruits\rotten_orange\translation_Screen Shot 2018-06-12 at 11.25.16 PM.png,rotten_orange
..\data\fruits\rotten_orange\vertical_flip_Screen Shot 2018-06-12 at 11.31.52 PM.png,rotten_orange
..\data\fruits\rotten_orange\Screen Shot 2018-06-12 at 11.37.13 PM.png,rotten_orange
..\data\fruits\rotten_orange\vertical_flip_Screen Shot 2018-06-12 at 11.44.24 PM.png,rotten_orange
..\data\fruits\rotten_orange\translation_Screen Shot 2018-06-12 at 11.40.30 PM.png,rotten_orange
..\data\fruits\rotten_orange\Screen Shot 2018-06-12 at 11.27.52 PM.png,rotten_orange
..\data\fruits\rotten_orange\Screen Shot 2018-06-12 at 11.42.10 PM.png,rotten_orange
..\data\fruits\rotten_orange\translation_Screen Shot 2018-06-12 at 11.43.10 PM.png,rotten_orange
..\data\fruits\rotten_orange\Screen Shot 2018-06-12 at 11.25.38 PM.png,rotten_orange
..\data\fruits\rotten_orange\vertical_flip_Screen Shot 2018-06-12 at 11.25.16 PM.png,rotten_orange
..\data\fruits\rotten_orange\translation_Screen Shot 2018-06-12 at 11.45.33 PM.png,rotten_orange
..\data\fruits\rotten_orange\vertical_flip_Screen Shot 2018-06-12 at 11.39.29 PM.png,rotten_orange
..\data\fruits\rotten_orange\translation_Screen Shot 2018-06-12 at 11.21.05 PM.png,rotten_orange
..\data\fruits\rotten_orange\vertical_flip_Screen Shot 2018-06-12 at 11.19.56 PM.png,rotten_orange
..\data\fruits\rotten_orange\Screen Shot 2018-06-12 at 11.23.54 PM.png,rotten_orange
..\data\fruits\rotten_orange\vertical_flip_Screen Shot 2018-06-12 at 11.38.46 PM.png,rotten_orange
..\data\fruits\rotten_orange\Screen Shot 2018-06-12 at 11.45.21 PM.png,rotten_orange
..\data\fruits\rotten_orange\translation_Screen Shot 2018-06-12 at 11.27.38 PM.png,rotten_orange
..\data\fruits\rotten_orange\Screen Shot 2018-06-12 at 11.44.34 PM.png,rotten_orange
..\data\fruits\rotten_orange\vertical_flip_Screen Shot 2018-06-12 at 11.24.17 PM.png,rotten_orange
..\data\fruits\rotten_orange\vertical_flip_Screen Shot 2018-06-12 at 11.45.42 PM.png,rotten_orange
..\data\fruits\rotten_orange\translation_Screen Shot 2018-06-12 at 11.31.17 PM.png,rotten_orange
..\data\fruits\rotten_orange\vertical_flip_Screen Shot 2018-06-12 at 11.32.33 PM.png,rotten_orange
..\data\fruits\rotten_orange\vertical_flip_Screen Shot 2018-06-12 at 11.41.52 PM.png,rotten_orange
..\data\fruits\rotten_orange\translation_Screen Shot 2018-06-12 at 11.45.21 PM.png,rotten_orange
..\data\fruits\rotten_orange\translation_Screen Shot 2018-06-12 at 11.28.08 PM.png,rotten_orange
..\data\fruits\rotten_orange\translation_Screen Shot 2018-06-12 at 11.28.17 PM.png,rotten_orange
..\data\fruits\rotten_orange\vertical_flip_Screen Shot 2018-06-12 at 11.29.14 PM.png,rotten_orange
..\data\fruits\rotten_orange\translation_Screen Shot 2018-06-12 at 11.22.41 PM.png,rotten_orange
..\data\fruits\rotten_orange\vertical_flip_Screen Shot 2018-06-12 at 11.24.51 PM.png,rotten_orange
..\data\fruits\rotten_orange\vertical_flip_Screen Shot 2018-06-12 at 11.31.39 PM.png,rotten_orange
..\data\fruits\rotten_orange\vertical_flip_Screen Shot 2018-06-12 at 11.19.47 PM.png,rotten_orange
..\data\fruits\rotten_orange\translation_Screen Shot 2018-06-12 at 11.28.04 PM.png,rotten_orange
..\data\fruits\rotten_orange\Screen Shot 2018-06-12 at 11.36.31 PM.png,rotten_orange
..\data\fruits\rotten_orange\translation_Screen Shot 2018-06-12 at 11.29.14 PM.png,rotten_orange
..\data\fruits\rotten_orange\translation_Screen Shot 2018-06-12 at 11.20.05 PM.png,rotten_orange
..\data\fruits\rotten_orange\Screen Shot 2018-06-12 at 11.43.10 PM.png,rotten_orange
..\data\fruits\rotten_orange\translation_Screen Shot 2018-06-12 at 11.38.19 PM.png,rotten_orange
..\data\fruits\rotten_orange\translation_Screen Shot 2018-06-12 at 11.32.41 PM.png,rotten_orange
..\data\fruits\rotten_orange\vertical_flip_Screen Shot 2018-06-12 at 11.28.50 PM.png,rotten_orange
..\data\fruits\rotten_orange\translation_Screen Shot 2018-06-12 at 11.24.17 PM.png,rotten_orange
..\data\fruits\rotten_orange\vertical_flip_Screen Shot 2018-06-12 at 11.28.12 PM.png,rotten_orange
..\data\fruits\rotten_orange\translation_Screen Shot 2018-06-12 at 11.27.26 PM.png,rotten_orange
..\data\fruits\rotten_orange\vertical_flip_Screen Shot 2018-06-12 at 11.40.36 PM.png,rotten_orange
..\data\fruits\rotten_orange\translation_Screen Shot 2018-06-12 at 11.32.33 PM.png,rotten_orange
..\data\fruits\rotten_orange\translation_Screen Shot 2018-06-12 at 11.27.12 PM.png,rotten_orange
..\data\fruits\rotten_orange\translation_Screen Shot 2018-06-12 at 11.23.46 PM.png,rotten_orange
..\data\fruits\rotten_orange\Screen Shot 2018-06-12 at 11.42.00 PM.png,rotten_orange
..\data\fruits\rotten_orange\translation_Screen Shot 2018-06-12 at 11.29.10 PM.png,rotten_orange
..\data\fruits\rotten_orange\translation_Screen Shot 2018-06-12 at 11.21.22 PM.png,rotten_orange
..\data\fruits\rotten_orange\translation_Screen Shot 2018-06-12 at 11.38.26 PM.png,rotten_orange
..\data\fruits\rotten_orange\Screen Shot 2018-06-12 at 11.42.52 PM.png,rotten_orange
..\data\fruits\rotten_orange\vertical_flip_Screen Shot 2018-06-12 at 11.46.10 PM.png,rotten_orange
..\data\fruits\rotten_orange\vertical_flip_Screen Shot 2018-06-12 at 11.33.00 PM.png,rotten_orange
..\data\fruits\rotten_orange\vertical_flip_Screen Shot 2018-06-12 at 11.27.07 PM.png,rotten_orange
..\data\fruits\rotten_orange\vertical_flip_Screen Shot 2018-06-12 at 11.33.43 PM.png,rotten_orange
..\data\fruits\rotten_orange\vertical_flip_Screen Shot 2018-06-12 at 11.27.38 PM.png,rotten_orange
..\data\fruits\rotten_orange\translation_Screen Shot 2018-06-12 at 11.22.36 PM.png,rotten_orange
..\data\fruits\rotten_orange\translation_Screen Shot 2018-06-12 at 11.37.52 PM.png,rotten_orange
..\data\fruits\rotten_orange\vertical_flip_Screen Shot 2018-06-12 at 11.45.57 PM.png,rotten_orange
..\data\fruits\rotten_orange\translation_Screen Shot 2018-06-12 at 11.45.57 PM.png,rotten_orange
..\data\fruits\rotten_orange\Screen Shot 2018-06-12 at 11.26.36 PM.png,rotten_orange
..\data\fruits\rotten_orange\Screen Shot 2018-06-12 at 11.36.42 PM.png,rotten_orange
..\data\fruits\rotten_orange\translation_Screen Shot 2018-06-12 at 11.40.11 PM.png,rotten_orange
..\data\fruits\rotten_orange\vertical_flip_Screen Shot 2018-06-12 at 11.20.13 PM.png,rotten_orange
..\data\fruits\rotten_orange\vertical_flip_Screen Shot 2018-06-12 at 11.28.00 PM.png,rotten_orange
..\data\fruits\rotten_orange\vertical_flip_Screen Shot 2018-06-12 at 11.21.17 PM.png,rotten_orange
..\data\fruits\rotten_orange\Screen Shot 2018-06-12 at 11.40.18 PM.png,rotten_orange
..\data\fruits\rotten_orange\vertical_flip_Screen Shot 2018-06-12 at 11.24.43 PM.png,rotten_orange
..\data\fruits\rotten_orange\vertical_flip_Screen Shot 2018-06-12 at 11.22.32 PM.png,rotten_orange
..\data\fruits\rotten_orange\translation_Screen Shot 2018-06-12 at 11.42.05 PM.png,rotten_orange
..\data\fruits\rotten_orange\vertical_flip_Screen Shot 2018-06-12 at 11.29.03 PM.png,rotten_orange
..\data\fruits\rotten_orange\vertical_flip_Screen Shot 2018-06-12 at 11.36.35 PM.png,rotten_orange
..\data\fruits\rotten_orange\vertical_flip_Screen Shot 2018-06-12 at 11.18.46 PM.png,rotten_orange
..\data\fruits\rotten_orange\translation_Screen Shot 2018-06-12 at 11.37.25 PM.png,rotten_orange
..\data\fruits\rotten_orange\translation_Screen Shot 2018-06-12 at 11.40.51 PM.png,rotten_orange
..\data\fruits\rotten_orange\translation_Screen Shot 2018-06-12 at 11.43.03 PM.png,rotten_orange
..\data\fruits\rotten_orange\translation_Screen Shot 2018-06-12 at 11.33.43 PM.png,rotten_orange
..\data\fruits\rotten_orange\Screen Shot 2018-06-12 at 11.37.00 PM.png,rotten_orange
..\data\fruits\rotten_orange\vertical_flip_Screen Shot 2018-06-12 at 11.40.18 PM.png,rotten_orange
..\data\fruits\rotten_orange\translation_Screen Shot 2018-06-12 at 11.32.50 PM.png,rotten_orange
..\data\fruits\rotten_orange\Screen Shot 2018-06-12 at 11.23.03 PM.png,rotten_orange
..\data\fruits\rotten_orange\Screen Shot 2018-06-12 at 11.46.10 PM.png,rotten_orange
..\data\fruits\rotten_orange\Screen Shot 2018-06-12 at 11.36.24 PM.png,rotten_orange
..\data\fruits\rotten_orange\Screen Shot 2018-06-12 at 11.29.10 PM.png,rotten_orange
..\data\fruits\rotten_orange\translation_Screen Shot 2018-06-12 at 11.24.43 PM.png,rotten_orange
..\data\fruits\rotten_orange\Screen Shot 2018-06-12 at 11.37.25 PM.png,rotten_orange
..\data\fruits\rotten_orange\vertical_flip_Screen Shot 2018-06-12 at 11.44.54 PM.png,rotten_orange
..\data\fruits\rotten_orange\vertical_flip_Screen Shot 2018-06-12 at 11.42.52 PM.png,rotten_orange
..\data\fruits\rotten_orange\Screen Shot 2018-06-12 at 11.32.17 PM.png,rotten_orange
..\data\fruits\rotten_orange\Screen Shot 2018-06-12 at 11.37.36 PM.png,rotten_orange
..\data\fruits\rotten_orange\Screen Shot 2018-06-12 at 11.42.45 PM.png,rotten_orange
..\data\fruits\rotten_orange\vertical_flip_Screen Shot 2018-06-12 at 11.44.06 PM.png,rotten_orange
..\data\fruits\rotten_orange\Screen Shot 2018-06-12 at 11.44.16 PM.png,rotten_orange
..\data\fruits\rotten_orange\translation_Screen Shot 2018-06-12 at 11.33.23 PM.png,rotten_orange
..\data\fruits\rotten_orange\vertical_flip_Screen Shot 2018-06-12 at 11.28.33 PM.png,rotten_orange
..\data\fruits\rotten_orange\Screen Shot 2018-06-12 at 11.20.13 PM.png,rotten_orange
..\data\fruits\rotten_orange\translation_Screen Shot 2018-06-12 at 11.43.22 PM.png,rotten_orange
..\data\fruits\rotten_orange\translation_Screen Shot 2018-06-12 at 11.19.16 PM.png,rotten_orange
..\data\fruits\rotten_orange\translation_Screen Shot 2018-06-12 at 11.46.26 PM.png,rotten_orange
..\data\fruits\rotten_orange\translation_Screen Shot 2018-06-12 at 11.46.56 PM.png,rotten_orange
..\data\fruits\rotten_orange\Screen Shot 2018-06-12 at 11.31.39 PM.png,rotten_orange
..\data\fruits\rotten_orange\translation_Screen Shot 2018-06-12 at 11.42.20 PM.png,rotten_orange
..\data\fruits\rotten_orange\Screen Shot 2018-06-12 at 11.30.16 PM.png,rotten_orange
..\data\fruits\rotten_orange\translation_Screen Shot 2018-06-12 at 11.36.14 PM.png,rotten_orange
..\data\fruits\rotten_orange\translation_Screen Shot 2018-06-12 at 11.29.44 PM.png,rotten_orange
..\data\fruits\rotten_orange\vertical_flip_Screen Shot 2018-06-12 at 11.40.30 PM.png,rotten_orange
..\data\fruits\rotten_orange\Screen Shot 2018-06-12 at 11.41.26 PM.png,rotten_orange
..\data\fruits\rotten_orange\Screen Shot 2018-06-12 at 11.46.26 PM.png,rotten_orange
..\data\fruits\rotten_orange\Screen Shot 2018-06-12 at 11.37.45 PM.png,rotten_orange
..\data\fruits\rotten_orange\Screen Shot 2018-06-12 at 11.22.12 PM.png,rotten_orange
..\data\fruits\rotten_orange\translation_Screen Shot 2018-06-12 at 11.18.53 PM.png,rotten_orange
..\data\fruits\rotten_orange\vertical_flip_Screen Shot 2018-06-12 at 11.22.58 PM.png,rotten_orange
..\data\fruits\rotten_orange\Screen Shot 2018-06-12 at 11.26.28 PM.png,rotten_orange
..\data\fruits\rotten_orange\Screen Shot 2018-06-12 at 11.37.58 PM.png,rotten_orange
..\data\fruits\rotten_orange\Screen Shot 2018-06-12 at 11.28.50 PM.png,rotten_orange
..\data\fruits\rotten_orange\translation_Screen Shot 2018-06-12 at 11.32.17 PM.png,rotten_orange
..\data\fruits\rotten_orange\translation_Screen Shot 2018-06-12 at 11.44.48 PM.png,rotten_orange
..\data\fruits\rotten_orange\translation_Screen Shot 2018-06-12 at 11.30.06 PM.png,rotten_orange
..\data\fruits\rotten_orange\translation_Screen Shot 2018-06-12 at 11.20.52 PM.png,rotten_orange
..\data\fruits\rotten_orange\Screen Shot 2018-06-12 at 11.40.23 PM.png,rotten_orange
..\data\fruits\rotten_orange\translation_Screen Shot 2018-06-12 at 11.37.00 PM.png,rotten_orange
..\data\fruits\rotten_orange\Screen Shot 2018-06-12 at 11.27.01 PM.png,rotten_orange
..\data\fruits\rotten_orange\translation_Screen Shot 2018-06-12 at 11.37.45 PM.png,rotten_orange
..\data\fruits\rotten_orange\vertical_flip_Screen Shot 2018-06-12 at 11.46.26 PM.png,rotten_orange
..\data\fruits\rotten_orange\vertical_flip_Screen Shot 2018-06-12 at 11.29.26 PM.png,rotten_orange
..\data\fruits\rotten_orange\Screen Shot 2018-06-12 at 11.23.13 PM.png,rotten_orange
..\data\fruits\rotten_orange\Screen Shot 2018-06-12 at 11.33.50 PM.png,rotten_orange
..\data\fruits\rotten_orange\Screen Shot 2018-06-12 at 11.43.03 PM.png,rotten_orange
..\data\fruits\rotten_orange\Screen Shot 2018-06-12 at 11.18.34 PM.png,rotten_orange
..\data\fruits\rotten_orange\translation_Screen Shot 2018-06-12 at 11.36.31 PM.png,rotten_orange
..\data\fruits\rotten_orange\translation_Screen Shot 2018-06-12 at 11.28.50 PM.png,rotten_orange
..\data\fruits\rotten_orange\Screen Shot 2018-06-12 at 11.41.52 PM.png,rotten_orange
..\data\fruits\rotten_orange\vertical_flip_Screen Shot 2018-06-12 at 11.26.02 PM.png,rotten_orange
..\data\fruits\rotten_orange\vertical_flip_Screen Shot 2018-06-12 at 11.46.04 PM.png,rotten_orange
..\data\fruits\rotten_orange\vertical_flip_Screen Shot 2018-06-12 at 11.28.21 PM.png,rotten_orange
..\data\fruits\rotten_orange\translation_Screen Shot 2018-06-12 at 11.37.58 PM.png,rotten_orange
..\data\fruits\rotten_orange\Screen Shot 2018-06-12 at 11.41.22 PM.png,rotten_orange
..\data\fruits\rotten_orange\translation_Screen Shot 2018-06-12 at 11.39.02 PM.png,rotten_orange
..\data\fruits\rotten_orange\translation_Screen Shot 2018-06-12 at 11.25.11 PM.png,rotten_orange
..\data\fruits\rotten_orange\vertical_flip_Screen Shot 2018-06-12 at 11.37.41 PM.png,rotten_orange
..\data\fruits\rotten_orange\vertical_flip_Screen Shot 2018-06-12 at 11.20.05 PM.png,rotten_orange
..\data\fruits\rotten_orange\vertical_flip_Screen Shot 2018-06-12 at 11.36.48 PM.png,rotten_orange
..\data\fruits\rotten_orange\Screen Shot 2018-06-12 at 11.29.51 PM.png,rotten_orange
..\data\fruits\rotten_orange\Screen Shot 2018-06-12 at 11.27.12 PM.png,rotten_orange
..\data\fruits\rotten_orange\translation_Screen Shot 2018-06-12 at 11.29.26 PM.png,rotten_orange
..\data\fruits\rotten_orange\vertical_flip_Screen Shot 2018-06-12 at 11.23.54 PM.png,rotten_orange
..\data\fruits\rotten_orange\Screen Shot 2018-06-12 at 11.40.30 PM.png,rotten_orange
..\data\fruits\rotten_orange\vertical_flip_Screen Shot 2018-06-12 at 11.38.19 PM.png,rotten_orange
..\data\fruits\rotten_orange\vertical_flip_Screen Shot 2018-06-12 at 11.29.36 PM.png,rotten_orange
..\data\fruits\rotten_orange\Screen Shot 2018-06-12 at 11.21.10 PM.png,rotten_orange
..\data\fruits\rotten_orange\vertical_flip_Screen Shot 2018-06-12 at 11.25.07 PM.png,rotten_orange
..\data\fruits\rotten_orange\vertical_flip_Screen Shot 2018-06-12 at 11.32.41 PM.png,rotten_orange
..\data\fruits\rotten_orange\Screen Shot 2018-06-12 at 11.19.56 PM.png,rotten_orange
..\data\fruits\rotten_orange\translation_Screen Shot 2018-06-12 at 11.34.00 PM.png,rotten_orange
..\data\fruits\rotten_orange\vertical_flip_Screen Shot 2018-06-12 at 11.34.13 PM.png,rotten_orange
..\data\fruits\rotten_orange\Screen Shot 2018-06-12 at 11.44.54 PM.png,rotten_orange
..\data\fruits\rotten_orange\Screen Shot 2018-06-12 at 11.36.14 PM.png,rotten_orange
..\data\fruits\rotten_orange\translation_Screen Shot 2018-06-12 at 11.41.04 PM.png,rotten_orange
..\data\fruits\rotten_orange\translation_Screen Shot 2018-06-12 at 11.38.52 PM.png,rotten_orange
..\data\fruits\rotten_orange\Screen Shot 2018-06-12 at 11.44.06 PM.png,rotten_orange
..\data\fruits\rotten_orange\vertical_flip_Screen Shot 2018-06-12 at 11.40.23 PM.png,rotten_orange
..\data\fruits\rotten_orange\vertical_flip_Screen Shot 2018-06-12 at 11.27.46 PM.png,rotten_orange
..\data\fruits\rotten_orange\translation_Screen Shot 2018-06-12 at 11.38.46 PM.png,rotten_orange
..\data\fruits\rotten_orange\vertical_flip_Screen Shot 2018-06-12 at 11.23.46 PM.png,rotten_orange
..\data\fruits\rotten_orange\Screen Shot 2018-06-12 at 11.33.55 PM.png,rotten_orange
..\data\fruits\rotten_orange\translation_Screen Shot 2018-06-12 at 11.30.28 PM.png,rotten_orange
..\data\fruits\rotten_orange\vertical_flip_Screen Shot 2018-06-12 at 11.26.24 PM.png,rotten_orange
..\data\fruits\rotten_orange\translation_Screen Shot 2018-06-12 at 11.23.24 PM.png,rotten_orange
..\data\fruits\rotten_orange\vertical_flip_Screen Shot 2018-06-12 at 11.26.28 PM.png,rotten_orange
..\data\fruits\rotten_orange\vertical_flip_Screen Shot 2018-06-12 at 11.43.36 PM.png,rotten_orange
..\data\fruits\rotten_orange\translation_Screen Shot 2018-06-12 at 11.18.34 PM.png,rotten_orange
..\data\fruits\rotten_orange\translation_Screen Shot 2018-06-12 at 11.24.29 PM.png,rotten_orange
..\data\fruits\rotten_orange\Screen Shot 2018-06-12 at 11.37.41 PM.png,rotten_orange
..\data\fruits\rotten_orange\Screen Shot 2018-06-12 at 11.44.24 PM.png,rotten_orange
..\data\fruits\rotten_orange\vertical_flip_Screen Shot 2018-06-12 at 11.33.55 PM.png,rotten_orange
..\data\fruits\rotten_orange\Screen Shot 2018-06-12 at 11.20.18 PM.png,rotten_orange
..\data\fruits\rotten_orange\vertical_flip_Screen Shot 2018-06-12 at 11.18.28 PM.png,rotten_orange
..\data\fruits\rotten_orange\translation_Screen Shot 2018-06-12 at 11.44.06 PM.png,rotten_orange
..\data\fruits\rotten_orange\vertical_flip_Screen Shot 2018-06-12 at 11.25.25 PM.png,rotten_orange
..\data\fruits\rotten_orange\vertical_flip_Screen Shot 2018-06-12 at 11.41.26 PM.png,rotten_orange
..\data\fruits\rotten_orange\Screen Shot 2018-06-12 at 11.37.07 PM.png,rotten_orange
..\data\fruits\rotten_orange\Screen Shot 2018-06-12 at 11.31.17 PM.png,rotten_orange
..\data\fruits\rotten_orange\Screen Shot 2018-06-12 at 11.24.24 PM.png,rotten_orange
..\data\fruits\rotten_orange\Screen Shot 2018-06-12 at 11.45.47 PM.png,rotten_orange
..\data\fruits\rotten_orange\Screen Shot 2018-06-12 at 11.42.38 PM.png,rotten_orange
..\data\fruits\rotten_orange\translation_Screen Shot 2018-06-12 at 11.23.03 PM.png,rotten_orange
..\data\fruits\rotten_orange\vertical_flip_Screen Shot 2018-06-12 at 11.29.21 PM.png,rotten_orange
..\data\fruits\rotten_orange\vertical_flip_Screen Shot 2018-06-12 at 11.22.21 PM.png,rotten_orange
..\data\fruits\rotten_orange\Screen Shot 2018-06-12 at 11.27.55 PM.png,rotten_orange
..\data\fruits\rotten_orange\vertical_flip_Screen Shot 2018-06-12 at 11.43.03 PM.png,rotten_orange
..\data\fruits\rotten_orange\vertical_flip_Screen Shot 2018-06-12 at 11.27.52 PM.png,rotten_orange
..\data\fruits\rotten_orange\vertical_flip_Screen Shot 2018-06-12 at 11.42.05 PM.png,rotten_orange
